-0.1192,0.5394,1
-1.0351,0.0122,3
-0.5301,0.5149,1
0.0310,-1.0775,3
0.2944,-0.8855,2
-0.4987,-0.7214,2
0.4765,-1.0957,3
0.1589,0.8155,3
-0.6801,-0.6673,2
-0.4228,-0.4016,1
0.3316,-0.4328,1
0.4739,0.2094,2
-0.9931,0.4148,3
0.6232,0.9961,3
0.2865,-0.7382,2
0.5903,-0.8327,2
0.9011,0.6553,1
0.2794,-0.6289,2
0.1702,-0.6896,2
-0.6065,-0.5355,2
-0.4751,-0.0051,3
-0.1569,-0.9986,3
-0.0009,-0.9979,3
0.9169,0.4190,2
-0.5652,-0.5059,2
-0.9826,0.8663,3
0.1614,0.5913,1
0.0757,0.2682,3
0.0061,-0.3011,3
0.2643,-0.7074,2
0.0607,-0.1453,3
-0.4401,-0.0382,3
-0.4900,0.9394,1
0.4329,0.7801,1
-0.7502,0.9265,3
-0.7553,-0.1253,3
-0.0787,0.1878,3
-0.0239,-1.0796,3
0.2899,-0.1070,1
0.4395,0.8246,1
0.4872,0.5569,1
0.6910,-0.3515,1
0.1481,-0.2333,1
-1.0832,-0.8457,3
0.5656,0.2811,2
-0.4531,-0.3737,1
-0.8642,0.2068,3
0.6882,-0.2542,1
0.1461,0.1211,3
-0.4741,0.4959,2
0.0475,-0.1295,3
-0.6294,-1.0312,3
-0.9417,0.4467,2
-1.0107,0.4482,3
-0.6602,0.5287,1
0.2728,0.9269,3
0.0856,-0.0362,3
-0.4245,-0.7662,2
0.8305,-0.4077,1
-0.5120,0.3961,2
0.9734,0.1349,3
-0.9776,-0.8908,3
-0.6583,0.8106,1
-0.0451,0.5878,3
-0.0683,0.5808,1
0.0837,-1.0208,3
-0.5487,0.5543,1
-0.9520,-0.3903,3
0.0011,-0.8627,3
-0.9421,0.4408,2
0.7661,0.4307,2
0.3678,-0.1483,1
-0.6056,-1.0568,3
0.1854,-0.7751,2
-0.3645,0.7734,1
0.7210,-0.3911,1
-0.0917,0.8434,3
-0.1820,0.3500,2
0.6540,0.8730,1
-0.0622,-0.4143,1
0.4538,-0.9785,3
-0.3352,-1.0949,3
0.6759,-0.1871,1
-0.3852,-0.3231,1
0.0502,-0.2274,3
-0.8822,-0.1838,3
-0.7967,0.5855,1
0.7679,-0.3023,1
0.6288,-0.0466,3
0.0226,-0.7357,3
-0.2732,-0.2564,1
-0.0269,0.7351,3
-0.4130,0.8912,1
0.0851,-0.7590,3
0.7641,-0.9771,3
-0.0734,0.2179,3
-0.8555,0.6915,1
0.2230,0.9203,3
-0.4956,0.9377,1
-0.4027,0.6545,1
-0.2896,-0.1849,1
-0.5292,0.0136,3
-0.5994,-0.7613,2
0.8113,-0.9706,3
0.2921,-0.1661,1
-0.6064,-0.9811,3
0.6775,0.4667,2
0.8540,-0.7355,2
0.3579,-0.0609,3
-0.3946,0.1220,2
0.0621,0.6321,3
-0.6601,0.3065,2
0.3235,0.6629,1
0.2268,0.9279,3
0.6006,0.9241,1
0.5824,-0.6890,2
-0.2608,-0.9468,3
0.4246,0.2398,2
-0.6081,0.2359,2
0.3691,0.7840,1
-0.9301,0.8628,3
0.9029,0.8474,3
0.3295,0.7569,1
-0.8882,-0.3126,1
-0.3040,-0.1827,1
0.9094,0.8580,3
-0.5506,-0.7507,2
0.1646,0.8729,3
-1.0878,-0.6086,3
0.8008,0.6128,1
-0.6845,0.3832,2
-1.0762,0.1547,3
0.5365,0.4484,2
-0.6055,-1.0716,3
-0.3156,0.8636,1
0.8124,-0.1458,3
0.7264,0.7153,1
-0.2984,0.0559,3
0.4722,-0.0866,1
0.8433,-0.8318,3
0.8307,0.7528,1
-0.9738,-0.7199,3
-0.9979,0.2908,3
-0.8470,-0.9857,3
0.7822,-1.0462,3
0.7271,-0.9023,3
0.4371,0.7509,1
0.3524,-0.0265,3
0.1994,0.8468,3
0.0020,0.9837,3
0.7104,-0.1856,1
-0.1621,0.4368,2
-0.4703,0.6395,1
-0.5073,-0.9981,3
-0.4471,-0.6640,2
-0.7299,-0.6163,2
-0.9112,-0.6037,2
-0.2363,-0.8091,2
0.7871,0.0167,3
-0.6948,0.5692,1
0.0706,-0.9677,3
0.7669,-0.4924,1
0.8833,0.1193,3
0.5812,0.0826,2
-0.0338,-0.4169,3
0.0663,-0.3234,3
0.4975,-1.0957,3
-0.8866,-0.9727,3
0.6438,-0.2939,1
-0.8708,-0.8033,3
0.1422,-0.5007,2
-0.3196,0.3310,2
-0.0044,0.5441,3
0.6218,-0.2174,1
-0.4391,-1.0730,3
-0.6481,0.7314,1
-0.9406,-0.8812,3
-0.7610,-1.0574,3
0.3381,0.9202,3
0.1253,-0.6957,2
-0.4967,-0.8084,2
0.0809,-0.9991,3
-0.8041,0.2943,2
-0.8719,0.9397,3
-0.9995,-0.6427,3
-0.8636,0.2426,2
-0.0434,-0.0832,3
-0.4264,-1.0478,3
-0.5391,-0.8046,2
-0.1652,0.1218,3
-0.7775,0.2867,2
-0.1468,-0.6182,2
0.5055,0.1923,2
-0.5755,-0.1564,1
0.1125,0.6498,1
0.2479,0.7158,1
0.9414,-0.6712,3
0.8166,-0.8627,3
0.7231,-1.0553,3
-0.9231,0.8236,3
-0.5980,-0.6867,2
0.0662,0.4586,2
0.3301,0.7398,1
0.5108,0.8910,1
-1.0647,-0.6544,3
0.0128,-0.7423,3
0.7323,0.9660,3
-0.2605,0.2378,2
0.1582,0.2640,2
-0.9186,-0.7293,3
-0.0862,0.4293,2
-1.0136,-0.1448,3
0.8581,0.9031,3
0.0924,0.5813,1
0.9478,0.2694,3
0.4049,-0.6501,2
0.6827,-0.5289,2
0.9085,0.0128,3
-0.7891,0.4193,2
-0.0962,-0.7538,3
0.8649,-1.0835,3
-0.3961,0.5972,1
0.9825,0.4435,3
-0.1650,0.1407,3
-0.2925,0.0164,3
0.5114,0.7213,1
-0.5542,0.5978,1
-0.4236,-0.6961,2
0.5009,0.7689,1
0.9852,0.4487,3
0.0383,0.3901,3
0.8985,-0.2790,3
0.9612,0.8070,3
0.8337,-0.8279,3
0.2263,-0.2625,1
-0.4817,0.0912,2
-0.2459,0.2222,2
-0.3116,-0.2635,1
-0.3343,0.6234,1
0.9773,0.4732,3
-0.3601,0.4886,2
0.1944,0.1856,2
0.0864,0.8709,3
0.5896,-0.4127,1
0.6398,0.5747,1
-0.9640,-0.3220,3
-0.0352,-1.0655,3
0.4990,-0.0741,1
0.8416,0.3327,2
0.1980,0.0679,3
-0.9298,0.8163,3
-0.8409,-0.0757,3
0.0386,-0.0525,3
0.7608,0.8042,1
-0.4291,0.7381,1
0.2774,0.3107,2
0.2267,-0.5281,2
-0.5036,-0.6868,2
-0.6573,-0.9141,2
0.0005,-1.0175,3
0.7607,0.1365,3
-0.2395,-0.2746,1
0.1711,-0.7405,2
0.7514,0.0126,3
0.6922,-0.0506,3
-0.9195,0.8624,3
-0.2342,-0.6604,2
-0.2133,0.9043,3
0.3870,-0.4524,1
0.7086,-1.0421,3
-0.7143,-0.0140,3
0.3686,0.6124,1
0.5579,0.9650,3
-1.0744,-1.0994,3
-0.9491,0.0261,3
-1.0169,0.9116,3
-0.8374,-0.1563,3
-0.3630,0.4337,2
0.2031,-0.6116,2
-0.5536,-0.1047,1
0.4379,-0.3731,1
-0.2422,-0.7964,2
0.0664,0.6445,3
-0.8920,-0.5465,2
-0.8079,0.9166,3
-0.4886,-0.4222,1
-0.0974,0.9800,3
-0.8098,-0.5395,2
0.9450,-0.7842,3
-0.5389,-1.0041,3
0.3420,-0.4558,1
-1.0925,0.6046,3
0.4879,-0.3554,1
0.0383,-0.3090,3
0.1330,0.5847,1
0.6864,-0.4291,1
-0.7884,-0.5559,2
-0.1255,0.3780,2
-0.9113,0.0825,3
0.9314,-0.6192,3
-0.0009,-0.5572,3
0.0586,-1.0983,3
-0.5772,0.3488,2
-0.5378,-0.6322,2
0.6647,0.0233,3
-0.5362,0.0066,3
0.6675,-0.5287,2
-0.3888,0.1554,2
0.2159,0.7496,1
0.9464,-0.6511,3
0.3343,0.6328,1
0.0197,0.6458,3
-0.9231,0.9942,3
0.0238,-0.7344,3
0.0767,-0.0447,3
-0.2537,-0.9242,3
0.4981,0.9049,1
-0.9225,-1.0791,3
0.2537,-0.3604,1
-0.6113,-0.0816,1
0.7629,-0.0475,3
-1.0750,0.4304,3
0.5238,-0.3638,1
-0.4142,-0.2603,1
-0.6142,-0.4678,1
0.1885,0.8201,1
-0.8350,-0.7917,2
0.4659,-0.6581,2
-0.7975,-0.5103,2
-0.2925,0.3792,2
0.5450,0.5538,1
0.5550,0.0431,3
0.4587,0.7325,1
0.0640,-0.2876,3
-0.6279,0.5527,1
0.7308,-0.8650,2
-0.4948,0.7557,1
0.6654,-0.9709,3
-0.6080,-0.7488,2
-0.1312,-0.1222,3
-0.1166,-0.9427,3
-0.3021,0.1484,2
-0.6344,-0.8362,2
0.5903,-0.3320,1
-0.2465,-0.7023,2
-0.9528,-0.7015,3
0.9515,0.7022,3
0.4416,0.4102,2
0.4347,-0.4945,1
-0.8774,0.9068,3
-0.9417,0.9534,3
-0.9582,-0.3365,3
0.7091,0.8072,1
-0.2074,-0.8989,3
-0.9416,0.7613,3
0.0789,0.0418,3
0.9186,0.8768,3
-0.8098,-0.7158,2
-0.9595,0.8804,3
0.0523,-0.1059,3
-0.8219,0.1995,2
0.2926,-0.8703,2
-0.0983,-0.2659,3
0.6399,-0.6635,2
0.3397,0.8625,1
-0.7567,0.4979,2
0.8159,-0.6149,2
-0.8386,0.5250,1
-0.8076,0.0540,3
0.7261,-0.6492,2
-0.1847,-0.1950,1
0.4926,-0.2660,1
-0.3182,0.7828,1
0.1182,-0.1777,3
0.6632,-0.8295,2
0.8164,0.9414,3
0.4700,0.1089,2
-0.9290,-0.6283,3
0.9431,0.8109,3
-0.1918,0.2827,2
0.6734,0.1515,2
-0.2193,0.4893,2
0.6366,0.0421,3
0.0143,0.9290,3
-0.9039,-0.2596,3
-0.7202,0.0115,3
0.6454,0.8724,1
0.8454,-0.6728,2
0.6552,-0.0364,3
0.2495,0.3184,2
0.2341,0.0659,3
0.2597,-0.2960,1
-0.8252,0.4308,2
0.1757,-0.8821,3
0.2416,-1.0161,3
0.5006,-0.0850,1
0.2353,-0.7187,2
-0.5957,-0.1281,1
0.4234,0.5185,1
-0.1991,0.6195,1
-0.7411,0.1807,2
-0.3690,-1.0957,3
0.0531,-0.5236,3
-0.6685,-0.2917,1
0.5400,0.6810,1
-0.9733,-0.2259,3
-0.2531,0.3864,2
0.5782,0.0217,3
-0.1828,-0.2461,1
0.2396,-0.9412,3
-0.1622,-0.2598,1
0.0738,-0.9269,3
0.1215,0.5781,1
0.0451,-0.4552,3
0.0966,0.9460,3
-0.8357,0.4555,2
0.1266,-0.1047,3
0.4598,-0.8203,2
0.4717,0.8913,1
-0.0120,0.0118,3
0.5724,0.1146,2
0.8859,-0.6807,2
-0.4989,0.4641,2
0.4410,0.4182,2
-0.7820,-0.3194,1
0.5770,0.1557,2
0.5208,-0.3492,1
0.3289,-0.3577,1
-0.7711,-0.6261,2
0.2871,0.4255,2
-0.6801,0.5515,1
-0.1190,0.5466,1
-0.5532,-0.6592,2
0.8263,-1.0815,3
-0.7678,-0.1857,1
0.0302,0.9045,3
-1.0711,-0.0839,3
-0.7762,-0.4700,1
-0.6198,0.7648,1
-1.0518,-0.3019,3
-0.5546,0.6252,1
0.9539,-1.0338,3
-0.7240,0.2827,2
-0.2916,-0.3951,1
0.7567,-1.0045,3
-0.9696,-0.9234,3
0.6470,0.0114,3
0.7231,-0.9062,3
0.4522,0.5494,1
-0.8878,0.7844,3
-0.6363,0.2425,2
0.6889,-0.6074,2
-0.8414,-1.0873,3
0.0226,-0.3613,3
0.7775,0.0707,3
0.4368,-0.7771,2
-0.3041,0.3907,2
-0.7109,0.0720,3
-0.3266,0.0976,2
0.7769,-0.5699,2
0.1931,0.9073,3
-0.3933,-0.1599,1
-0.0814,-0.6702,3
0.0339,-0.6292,3
0.9792,0.2461,3
-0.8448,-0.6571,2
-0.5114,0.9441,1
-0.1645,-0.2529,1
0.9568,0.9580,3
0.4859,0.7343,1
0.0288,-0.0773,3
-1.0427,0.8247,3
-0.6866,-0.6536,2
-0.1033,0.0868,3
0.5439,-0.3264,1
0.6169,-0.2629,1
-0.4192,-0.7764,2
0.6772,0.5995,1
-0.3466,-0.2889,1
-1.0297,-0.3674,3
-1.0428,-0.7745,3
0.0755,-0.4542,1
-0.8304,-1.0890,3
0.3929,-0.8736,2
0.9690,-0.1212,3
0.9607,-0.0022,3
0.9015,-1.0820,3
-0.1775,-0.7851,2
-0.6356,0.8192,1
0.4017,-1.0917,3
-0.5072,0.0186,3
-0.2546,0.1736,2
0.3422,-0.5775,2
-0.2269,-1.0045,3
0.2336,-0.1566,1
-0.2719,0.2908,2
0.1689,0.9036,3
0.9365,0.4384,2
0.9146,0.3294,3
0.6648,0.8836,1
-0.7918,0.6255,1
-0.1187,-0.8903,3
0.6435,0.8038,1
-0.5755,-0.9921,3
0.6230,0.9262,1
-0.9838,-0.8842,3
-0.0552,-0.1385,3
0.3894,-0.7131,2
0.3841,-0.8376,2
-0.6175,-0.3823,1
0.1058,0.2106,3
-1.0915,-0.7254,3
0.1142,0.9450,3
0.8131,0.0288,3
0.2744,0.4779,2
-0.0876,0.5826,1
0.1035,0.8937,3
0.7923,-0.2530,1
0.6975,-0.7832,2
-0.1452,0.3206,2
-0.8570,-0.0290,3
0.5363,0.1878,2
0.9326,-0.0743,3
0.5747,0.3166,2
0.1881,-1.0428,3
-1.0657,-0.7061,3
0.2678,-1.0572,3
-0.3315,-0.6180,2
0.9878,-0.5184,3
0.5109,0.2622,2
-1.0405,-0.5768,3
-0.1552,0.1629,3
-0.6830,-0.3629,1
-1.0901,-0.9855,3
-0.0461,-0.1352,3
0.4351,0.1969,2
0.9358,-0.0286,3
-0.6154,0.8683,1
0.9971,-1.0407,3
0.1850,0.1851,2
-0.9835,0.2193,3
0.5790,0.3843,2
0.2620,-0.7525,2
0.8663,0.2498,2
-0.1709,0.3771,2
-0.4880,-0.1114,1
0.9004,0.4568,2
-0.9485,-0.7827,3
-0.9061,-0.9386,3
-0.6681,0.1477,2
0.0262,0.8669,3
-0.6554,-0.0380,3
-0.1617,-0.1708,3
-0.1696,-0.1646,3
-0.1115,-0.9847,3
-0.9795,0.0050,3
0.3346,0.6995,1
-0.6107,-0.4034,1
-1.0530,-0.7444,3
0.9464,-0.1239,3
0.7327,-0.5416,2
0.8647,0.6331,1
-1.0848,-1.0838,3
0.9504,-0.8909,3
-0.9224,-0.7177,3
0.3568,0.2039,2
-0.8508,0.8014,3
-0.8341,0.0875,3
-0.3693,0.0963,2
-1.0771,0.6192,3
0.2116,-0.9566,3
-0.3758,-0.4538,1
0.8429,0.1135,3
0.2428,0.8899,3
0.4690,0.1893,2
-0.2340,0.2017,2
0.7477,-0.3693,1
-0.1652,0.7629,1
-0.3531,-0.2147,1
0.9720,-0.1754,3
0.1676,0.3288,2
-0.9716,0.4168,3
0.1303,-0.7057,2
-0.4957,0.8609,1
0.4906,-0.4728,1
0.4801,-0.2979,1
-0.3294,-0.8956,2
0.3483,-0.4865,1
0.3178,-0.4088,1
-0.5966,-0.2131,1
0.8805,0.2695,2
-1.0114,0.6282,3
-1.0998,-0.0765,3
0.3911,-0.3529,1
0.8088,0.3631,2
0.5716,-0.0237,3
-0.3081,0.7000,1
-0.6069,0.9221,1
-1.0056,-0.0026,3
0.7831,0.5849,1
0.6246,0.2632,2
-0.7129,-0.7048,2
0.4676,0.7354,1
-0.0913,-0.2146,3
-0.6734,0.4121,2
0.6723,-0.7930,2
-0.3184,0.7610,1
0.9352,-0.3182,3
-0.3156,0.3262,2
0.4288,-0.5068,2
-0.3107,0.0005,3
0.5695,0.4812,2
-0.2995,-1.0374,3
0.4033,-0.2052,1
0.0601,0.1864,3
-0.6202,-0.3153,1
-0.5504,-0.2332,1
0.0799,-1.0828,3
-0.4978,-1.0113,3
-0.1974,-0.0712,3
0.5008,-0.5250,2
0.2358,-0.8176,2
-0.7641,0.1710,2
-0.0358,0.0204,3
-0.5028,-0.6070,2
0.6136,0.2865,2
0.4935,0.1831,2
-0.2323,-0.8060,2
0.2457,-0.8290,2
0.0888,-0.6942,3
0.4574,0.5686,1
0.0905,-1.0930,3
-0.6646,-0.8295,2
-1.0758,-0.0624,3
-0.7409,-0.1732,1
0.9664,0.8599,3
0.4018,0.2022,2
-0.9577,0.7377,3
-0.6268,0.1065,2
-0.2419,-0.0296,3
0.5995,-0.6284,2
-0.7430,0.0930,3
0.6547,0.1246,2
0.3869,-0.0996,1
0.3956,-0.5243,2
0.3062,-0.1470,1
-0.9557,-0.6032,3
-0.1401,-0.5203,2
-0.3328,-0.1159,1
0.5173,0.0264,3
0.8109,0.4837,2
-0.1137,0.2127,3
-0.3141,0.0286,3
-0.0496,0.1591,3
-0.8648,0.8085,3
-0.8705,0.8347,3
-0.8199,-0.5135,2
-0.0723,0.9348,3
0.7111,-0.6854,2
-0.1647,0.1068,3
-0.1097,-0.8585,3
-1.0403,0.0346,3
-0.3617,-0.0803,1
0.6143,0.4055,2
0.9038,0.1315,3
-0.5681,0.7147,1
-0.3848,0.4182,2
-0.0726,0.4010,2
-0.5532,0.9778,3
-0.4399,-0.3180,1
0.7863,-0.2103,1
-0.4833,-1.0336,3
0.3762,0.5443,1
-1.0987,0.0873,3
0.9589,-0.1634,3
-0.8059,-0.1508,3
0.0781,-0.7462,3
0.9838,0.8164,3
0.2735,0.5980,1
0.2219,0.1773,2
-0.2704,0.7538,1
-0.1080,0.4447,2
0.1720,0.9194,3
-0.1542,0.7188,1
0.8972,0.5059,1
-0.5992,0.6835,1
-0.7044,0.0175,3
0.7500,0.7717,1
-0.4382,0.7513,1
-0.1409,-0.4793,1
-0.4122,0.1531,2
0.4699,0.7660,1
0.5069,0.4537,2
0.5824,-0.2196,1
0.0518,-0.1957,3
-1.0423,0.8813,3
-0.4419,-0.0503,3
0.3261,0.8301,1
-0.1309,-0.8281,3
0.5489,-0.2336,1
0.7778,-1.0503,3
-0.5501,-0.9266,2
0.0672,-0.8001,3
0.9451,0.7290,3
-1.0489,-0.1958,3
-0.7503,-0.3610,1
-1.0427,0.8196,3
-0.5951,0.5642,1
0.2733,-1.0127,3
-0.6553,-0.6749,2
-0.1084,-0.5976,2
-0.7936,0.5497,1
0.4521,0.6325,1
0.3797,-0.6788,2
0.9044,-0.0714,3
0.1876,0.6822,1
-0.0217,0.7375,3
0.8555,-0.9545,3
-1.0626,0.8007,3
0.8744,-1.0115,3
-0.3952,-0.8759,2
-0.2725,-0.3379,1
-1.0563,0.2325,3
-0.7737,0.3170,2
0.3198,-0.3290,1
0.7421,-0.7886,2
0.1734,-1.0515,3
0.8610,-0.3745,1
0.6810,0.2408,2
0.0467,0.5854,3
-0.8306,-0.7657,2
0.2675,0.2477,2
-1.0282,0.1231,3
0.3932,-0.9908,3
-0.0763,0.2676,3
-0.9023,0.6285,1
0.4917,-0.0748,1
-0.7093,0.5354,1
-0.8423,-0.3830,1
-0.1476,0.5775,1
0.3880,-0.4055,1
0.8889,-0.4386,1
-0.3570,0.7499,1
0.2868,-0.6760,2
-0.0093,-0.6665,3
-1.0906,0.2601,3
-0.3322,0.2769,2
-0.4922,-0.2604,1
-0.6000,-1.0990,3
-0.1512,0.4237,2
0.2685,0.0465,3
0.0523,-0.2398,3
-1.0282,0.4429,3
-0.7044,-0.7705,2
-0.9401,0.2480,3
0.9069,0.5479,1
0.9425,0.7958,3
-0.8907,-0.4145,1
0.5457,0.4961,2
0.0095,-0.4636,3
0.9296,0.0189,3
0.8964,-0.4025,1
-0.7042,-0.5958,2
0.4371,-0.2042,1
-0.5948,-0.7141,2
-0.7804,0.7737,1
0.4324,0.3718,2
-0.4661,0.5042,1
-0.1853,-0.0705,3
0.8336,-0.0253,3
-0.8225,0.7406,1
-0.4774,-0.8800,2
0.5364,-0.2681,1
-0.1945,0.0821,3
-0.7720,0.9150,3
0.7184,-0.8424,2
-0.0661,0.6149,3
-0.1450,0.3297,2
-0.9809,-0.7079,3
-0.8745,-0.4757,1
-0.3220,-0.5549,2
-0.7020,-0.8896,2
0.9169,-0.0681,3
0.7146,-0.2683,1
0.9615,0.5482,3
0.8063,-0.8610,3
0.2888,-0.6711,2
-0.6410,-0.1748,1
0.1608,0.2645,2
-1.0928,0.4887,3
0.1795,0.7257,1
0.7463,-0.8867,3
0.3405,-0.3986,1
0.5430,0.4596,2
-0.0065,0.7686,3
-1.0161,0.7715,3
-0.7863,-0.6182,2
0.9819,-0.8694,3
0.4137,0.6965,1
-0.0377,0.3752,3
0.2448,-0.2314,1
0.6142,-0.4664,1
0.1976,-1.0268,3
0.4588,-0.6416,2
0.3377,0.4660,2
0.9471,-0.4829,3
0.1917,0.6934,1
-0.2696,-0.4678,1
-0.7052,-0.7265,2
-1.0082,0.3883,3
-0.9580,-0.9243,3
0.1598,-0.6443,2
-0.4425,0.1417,2
-0.4137,-1.0287,3
-0.1618,0.6486,1
0.4465,-0.9170,2
-0.5827,0.0606,2
-0.2834,0.7148,1
0.1338,-0.8246,3
-0.9268,-0.5285,2
0.7414,-0.9797,3
0.0886,-0.0669,3
0.8137,0.9190,3
0.5653,-0.8915,2
-0.8075,0.6572,1
0.5967,-0.6655,2
0.8329,-0.2435,1
-0.2098,-0.6096,2
0.9982,0.4765,3
-0.5383,-0.1636,1
0.1252,-1.0919,3
0.0194,0.6424,3
0.0687,0.8361,3
0.3573,-0.7975,2
-0.9885,0.5305,3
-0.2260,0.8529,1
0.6507,0.9626,3
-0.2140,0.4644,2
0.8816,-0.6487,2
0.6729,-0.9260,3
-0.9915,0.2696,3
-0.4915,0.9413,1
-0.9739,0.3987,3
-0.6683,-0.9758,3
-0.1247,-0.1066,3
-0.0394,-0.9996,3
-0.0985,-1.0199,3
0.7429,-1.0298,3
0.9161,0.1001,3
-0.7272,-1.0724,3
-0.3694,0.1468,2
0.8805,-0.7187,2
0.1093,-0.3336,1
0.8458,-0.0091,3
0.1177,0.5186,1
0.1649,0.2262,2
-0.2118,0.7734,1
0.1675,-0.0857,3
0.1721,0.5992,1
0.0385,-0.9526,3
-0.5074,-1.0009,3
-0.8522,0.4941,2
-0.9208,0.9907,3
0.5643,-1.0047,3
0.0908,0.9371,3
-0.9771,0.8214,3
0.0839,-1.0966,3
-0.8972,-0.8068,3
-0.3302,-1.0515,3
0.2841,0.8876,1
0.5672,-0.5510,2
0.1138,-0.6446,2
-0.7776,-0.7187,2
0.3697,0.4945,2
0.9806,-0.5918,3
0.6419,-0.5268,2
-0.4927,0.8898,1
-1.0327,-0.3135,3
0.8805,0.6316,1
-0.2181,-0.0287,3
0.5687,-0.0952,1
-0.2072,-0.3474,1
-0.0918,-0.0045,3
-0.0542,0.6781,3
0.0441,-0.7701,3
0.5656,-0.3887,1
-0.2212,-0.3206,1
0.0667,0.1012,3
0.0608,-0.5636,2
-0.4042,0.0413,3
-0.0554,-0.7623,3
0.6145,0.5519,1
-0.8725,0.6817,1
-0.7615,-0.9920,3
0.3133,0.1203,2
0.0793,-0.1180,3
-0.9749,0.9721,3
0.6346,0.0334,3
-0.0324,-0.4196,3
-0.2886,-0.9883,3
-0.0898,-0.7229,3
-0.2770,0.7891,1
0.0565,0.8897,3
-0.1097,-0.8827,3
-0.6739,0.5861,1
0.2586,0.3707,2
0.9238,-0.1269,3
-0.0774,-0.9487,3
-0.4452,0.2611,2
-0.8407,0.9681,3
-0.6186,0.3386,2
-0.1499,-0.4934,1
0.3107,-0.5153,2
0.6399,-0.7217,2
0.1651,-0.6487,2
-0.6099,-0.9247,2
-0.2716,0.2130,2
0.9644,0.8849,3
0.1027,-0.1453,3
-0.9978,0.5288,3
-0.5592,0.3607,2
-0.1006,-0.6354,2
-0.7662,0.9220,3
-0.4841,-0.1114,1
0.1831,-0.2248,1
-0.1433,0.6645,1
-0.8862,0.8068,3
-0.8290,0.5245,1
-0.7084,0.9110,3
0.9028,0.5567,1
-0.7377,-0.7071,2
0.7320,0.0907,3
0.6059,0.6964,1
-0.0245,-0.2914,3
-0.4490,0.0777,2
-0.7626,0.0918,3
-0.5616,0.2368,2
0.5564,-0.2278,1
0.1588,-0.9277,3
0.7608,-0.6581,2
-0.0526,-0.3825,3
-0.9936,0.1612,3
-0.5757,-0.7226,2
-0.3144,-0.1841,1
-0.8116,-0.4115,1
-0.6275,-0.4493,1
-0.0187,-0.8955,3
0.7413,-0.4128,1
0.9009,-0.2831,3
0.3959,-0.5481,2
0.8946,0.7333,3
0.6437,-0.6670,2
-0.0299,0.2001,3
0.2052,-0.8711,3
0.3723,-0.0340,3
-0.4292,-0.6803,2
0.6835,-0.3228,1
0.5809,-0.8922,2
0.0547,-0.7334,3
0.0237,0.3431,3
-0.0450,0.4962,3
0.9937,-1.0637,3
0.7007,0.7351,1
-0.3764,0.6015,1
-0.5481,-0.9806,3
-0.9466,-0.6535,3
0.8527,0.7971,3
-0.2205,-0.1772,1
-0.0028,-1.0153,3
0.0517,-0.6304,3
0.0507,0.7226,3
-0.2107,-0.2658,1
-0.6002,-0.6298,2
-0.0580,0.5544,1
-0.2632,-1.0344,3
-0.1025,0.7918,3
0.5618,-0.1088,1
0.8281,0.2625,2
-0.3737,-0.5483,2
-0.1359,0.1782,3
-0.4288,0.0175,3
0.6247,-0.5761,2
-0.1854,-0.5958,2
0.3467,0.9119,1
-0.5111,-0.6016,2
-0.7186,0.6396,1
-0.8790,0.1708,3
-0.6263,-0.3792,1
0.6410,0.4157,2
-0.8248,-0.6222,2
0.4813,0.1727,2
-0.8304,0.0431,3
-0.9361,-1.0023,3
-0.6944,-0.2098,1
-0.4505,0.2697,2
-1.0316,0.2206,3
-0.7128,0.6931,1
0.7445,0.2018,2
-0.9027,0.0912,3
0.1137,-0.3138,1
0.5896,0.4951,2
-0.6742,0.8106,1
-0.3341,-0.2005,1
-0.5686,-0.6932,2
-0.7848,-0.2934,1
-0.2154,0.7965,1
0.9793,0.0542,3
-0.1604,-0.9568,3
0.1520,0.2453,2
-0.0666,0.8014,3
-0.4851,0.0019,3
0.0221,-0.0979,3
-0.3050,-0.2334,1
-0.8961,-0.1076,3
0.9578,0.3176,3
0.6786,0.5475,1
-0.1873,-0.9956,3
0.3581,0.5785,1
-0.0961,0.8894,3
0.9854,0.2192,3
-0.4040,-0.2300,1
0.0157,-0.4247,3
0.9242,0.9553,3
-0.2815,0.0762,3
0.2006,0.7520,1
-0.1224,0.8156,3
-0.2462,0.9997,3
-0.2823,0.5489,1
-0.2337,-0.0784,3
-0.5587,-0.2759,1
-0.7608,-0.8801,3
-0.7284,0.1518,2
-0.7757,0.7296,1
-0.2697,0.2282,2
0.6191,-0.2843,1
-0.5526,-0.7849,2
0.5857,0.5631,1
-0.1096,0.5099,1
0.5184,0.7089,1
-0.4139,-0.2809,1
0.4608,0.5637,1
-0.4654,-0.7853,2
0.5634,0.3523,2
0.8636,-0.6703,2
-0.7261,-0.6952,2
0.1538,-0.3869,1
-0.4753,0.5254,1
0.8649,-0.1510,3
0.2550,-0.4048,1
-0.9228,-0.1259,3
0.4109,-0.3754,1
0.1892,-0.0034,3
-0.8123,-0.9204,3
-0.4935,0.8061,1
0.8885,0.1925,3
-0.4748,0.3493,2
-0.2438,0.1598,2
0.6640,-0.6804,2
-0.4879,0.5276,1
-0.2508,-0.1140,3
0.9324,-1.0970,3
0.5991,-0.5429,2
0.5284,0.4640,2
0.4061,-0.2166,1
-0.9408,0.5833,3
0.7575,0.5701,1
-0.7921,-0.0533,3
-0.4333,-0.5044,2
0.1262,0.1731,3
-0.6983,0.0147,3
-0.6343,-0.0731,3
-0.6360,0.2219,2
-0.9133,-0.9720,3
0.6414,-0.3011,1
0.6555,-0.6093,2
0.6849,0.5879,1
-0.6063,0.2840,2
-0.9550,-1.0779,3
-0.2521,0.5511,1
-0.1945,-0.0929,3
0.1343,-0.4371,1
-0.5228,0.4422,2
0.6096,0.1438,2
-1.0622,-0.2641,3
-0.6830,-0.6605,2
0.8506,-0.2174,3
0.3664,-0.7854,2
-0.9955,0.5531,3
-0.6575,0.7459,1
-0.7481,-1.0019,3
-0.8634,-1.0632,3
0.6860,-0.3698,1
0.3208,0.8310,1
-0.3477,-0.9312,3
0.3821,0.5578,1
0.0759,-0.4835,1
-0.8793,0.6531,1
-1.0413,0.8303,3
-0.2031,-1.0036,3
-0.4338,0.2139,2
-0.5641,-0.5833,2
-1.0035,0.9023,3
-0.2687,-0.8991,3
0.4553,0.1738,2
0.9468,0.8073,3
0.2719,-0.9166,3
0.8441,-0.0421,3
-0.1864,0.1649,3
-0.2110,0.5659,1
0.3337,-0.8289,2
0.1237,-0.5904,2
-0.2125,0.3444,2
-0.9374,-0.1538,3
0.1747,-0.0405,3
-0.0574,0.8409,3
-0.8266,0.4785,2
-0.7424,-0.7302,2
0.3808,0.0889,2
-0.5292,-0.1639,1
-0.7373,-0.5824,2
-0.3566,0.6346,1
-0.3990,-0.5125,2
-0.4075,0.5146,1
0.7524,0.4815,2
0.0805,0.0861,3
0.7525,-0.7958,2
0.5956,-0.4599,1
0.6486,0.7582,1
0.4863,-0.1767,1
-0.2823,-0.5711,2
-0.3359,-0.0089,3
-1.0925,0.0217,3
0.3610,0.3883,2
-0.8895,0.9317,3
-0.7756,-0.5268,2
-0.6507,-0.0322,3
-0.8922,0.0503,3
0.5552,-0.1997,1
-0.4351,0.3076,2
-0.7182,0.7454,1
-0.6063,-0.9657,3
-1.0504,-1.0107,3
-0.3256,0.6982,1
0.8475,-0.8393,3
-0.4785,-0.4347,1
-0.3104,0.2856,2
0.6564,-0.3029,1
-0.6927,0.0174,3
-0.9146,-0.4822,1
-0.0509,-0.5903,3
0.0910,0.3984,2
0.4775,0.2988,2
-0.5513,0.0327,3
-0.9009,0.1135,3
-0.6597,-0.5191,2
-0.1410,-0.1660,3
-0.3848,-0.0914,1
-0.0767,0.3896,2
-0.3932,-0.2291,1
0.6503,0.2282,2
0.4361,-0.6601,2
-0.4862,0.0926,2
0.1370,-0.0789,3
-0.8901,0.3224,2
0.5389,0.1590,2
0.8321,-0.3701,1
-0.4426,0.3096,2
-1.0713,0.1061,3
-0.6577,-0.8722,2
-0.7804,-0.2173,1
-0.2913,0.1786,2
0.7167,0.4239,2
-0.9129,-0.3600,1
-0.1865,-0.2061,1
0.5109,-0.5362,2
-0.9779,-0.0530,3
-0.0963,-0.3641,1
-0.9604,-0.9593,3
0.6570,-0.7505,2
0.4631,0.1958,2
0.5085,0.2953,2
0.9257,-0.9341,3
-0.3951,0.9545,3
0.2719,0.0472,3
-0.9177,0.5915,1
0.9299,-0.1090,3
-0.2299,0.6466,1
-0.6851,-0.0428,3
-0.7134,0.2284,2
0.8511,0.8975,3
0.7922,0.9732,3
-0.1555,-0.3041,1
-0.3909,-0.0159,3
-0.1634,-0.7339,2
0.3336,-0.7002,2
0.5619,-0.1579,1
0.6950,0.4877,2
0.0080,-0.7001,3
0.4421,-0.7201,2
0.4471,0.6244,1
0.9714,0.3770,3
-0.4846,-0.2585,1
0.0236,-0.0697,3
0.7988,0.4103,2
-0.8413,0.6499,1
0.3077,-1.0491,3
0.6231,-0.8478,2
-0.2532,-0.7678,2
0.2363,0.6834,1
-0.4017,-0.4301,1
-1.0168,-0.8398,3
0.5120,0.7782,1
0.7479,-0.4801,1
-0.9219,0.1900,3
-0.1002,0.6252,1
-0.1856,-0.1287,3
0.0023,0.4299,3
0.7128,-0.9741,3
-0.6398,0.5116,1
0.5362,-0.3811,1
0.1614,-0.1561,3
-0.3302,-0.2155,1
0.0962,0.5166,1
0.1166,-0.6675,2
0.2000,0.8149,1
0.0024,0.2832,3
-1.0249,-0.4856,3
0.0614,0.8229,3
0.1343,0.2395,3
0.0129,-0.9659,3
-0.1353,0.9274,3
0.0054,0.9670,3
0.3572,-0.2818,1
-1.0070,0.8174,3
-0.7703,0.6291,1
-0.5637,0.4911,2
-0.5269,0.2061,2
-0.7244,0.6692,1
-0.2772,0.4923,2
-0.9983,-1.0772,3
0.3072,0.1041,2
0.3060,0.3822,2
0.7184,-0.6326,2
0.2052,-0.1473,3
0.7069,-0.7819,2
-0.0132,-0.4283,3
-0.8546,-1.0078,3
-0.4613,0.6026,1
-0.1896,-0.3684,1
0.4200,0.1401,2
-0.7392,0.9564,3
-0.3688,-0.1662,1
0.1625,0.0068,3
-0.4969,0.9853,3
-0.5009,-0.3952,1
-1.0919,0.9063,3
0.8089,0.3141,2
0.2885,0.5273,1
0.7815,-0.5064,2
-0.6200,0.4884,2
-0.1883,0.4668,2
-0.9400,0.0571,3
0.5590,-0.3013,1
-0.3402,-0.6306,2
0.4303,-0.9202,2
0.6095,0.7911,1
-0.9638,-0.7592,3
-0.3750,0.2987,2
0.3476,0.2280,2
0.2840,0.9467,3
0.9328,0.2920,3
0.8530,0.7417,1
-0.3939,0.1414,2
0.2690,-0.6124,2
0.7351,0.7490,1
0.9759,-0.4532,3
0.2158,-0.9640,3
0.7039,-0.2251,1
-0.1653,-0.6364,2
0.2443,-0.7350,2
-0.4566,-0.1462,1
-0.9438,-0.3204,3
0.1946,-0.2189,1
-1.0217,-0.4578,3
-0.9908,0.3623,3
-0.5111,-1.0580,3
-0.3457,-0.6582,2
0.7837,0.3604,2
0.5833,0.0526,3
0.8480,0.3183,2
-0.1984,0.8239,1
0.9651,-0.9826,3
0.9599,0.6690,3
-0.1077,-0.2054,3
-0.9674,-0.8635,3
0.1596,-0.3239,1
0.0903,0.3158,3
0.4557,-0.7151,2
-0.9030,0.5340,1
-0.0729,-0.7939,3
-0.1037,0.5160,1
-0.7519,0.6506,1
0.9578,-0.9682,3
0.0110,0.5411,3
0.1844,-0.1410,3
-0.1406,-1.0140,3
-0.3171,-0.1755,1
-0.8966,-0.3572,1
-0.5065,0.0956,2
0.5374,-0.3739,1
0.3322,-0.3029,1
0.4022,-0.5775,2
-0.9871,-0.1422,3
-0.1925,-0.7902,2
-0.6082,0.8345,1
-0.4840,0.3881,2
0.3505,-0.1359,1
0.0386,0.3083,3
-0.0042,-0.9504,3
-0.1506,-0.8198,3
0.0086,0.8089,3
-0.7338,0.7915,1
-0.3666,-0.5304,2
-0.5657,0.2269,2
0.6652,-1.0283,3
0.9530,-0.0026,3
-0.2312,0.3552,2
0.5199,-0.1183,1
-0.7870,-0.6726,2
0.1915,-0.2952,1
-0.8381,0.8075,3
-0.9071,0.6125,1
-0.3285,0.2315,2
-0.0792,0.7674,3
0.3812,0.8703,1
-1.0524,-0.6102,3
0.6791,-0.6863,2
-0.8187,-0.6875,2
-0.1167,-0.2844,1
0.6394,-0.4515,1
-0.2127,0.5925,1
0.6459,0.6561,1
-0.0523,0.1659,3
-0.4622,0.2607,2
0.5932,0.8293,1
-1.0345,0.8552,3
0.6368,-0.8416,2
0.4677,-0.6917,2
0.4900,-0.6115,2
-0.9243,-0.1289,3
-0.7413,-0.8768,3
0.3609,-1.0621,3
-0.4630,0.6422,1
-0.6496,0.5203,1
-0.6423,-1.0101,3
-0.9312,0.2450,3
0.6823,0.8147,1
-0.0988,-0.3700,1
-0.0194,0.5390,3
0.9907,-0.4262,3
0.3683,-1.0438,3
-0.5710,0.0050,3
-0.7854,0.9967,3
0.4134,0.8045,1
-0.6148,0.5890,1
-0.3244,-0.2561,1
0.8123,-0.9635,3
-0.2182,-0.6507,2
0.7787,0.2322,2
0.9696,-0.8636,3
0.3220,-0.9616,3
0.4815,0.0044,3
0.9531,-0.6174,3
0.7343,-0.0663,3
-1.0784,0.7250,3
0.6075,0.3899,2
0.7812,-0.9635,3
-0.6051,-1.0043,3
-0.9668,0.9082,3
0.9003,-0.4816,1
0.4973,-0.4241,1
0.3623,0.3095,2
-0.2876,-0.8559,2
0.7588,-0.5089,2
0.4763,0.7283,1
-0.2725,-0.2017,1
0.8667,-0.7910,3
0.9027,0.8198,3
-0.3084,0.6370,1
-0.2465,-0.2868,1
0.3620,-0.6390,2
-0.8969,0.1432,3
-0.5025,-0.4020,1
0.2389,-0.3693,1
-0.4938,0.1392,2
0.2491,-0.9965,3
0.8151,-0.3887,1
0.4130,-0.4725,1
-0.1446,0.1718,3
0.1186,-0.6683,2
-0.0998,0.9461,3
0.2300,-0.2331,1
-0.8448,0.1327,3
-0.4133,-0.0532,3
-0.2303,0.4402,2
0.7601,-0.8683,3
0.9011,0.9631,3
0.3749,-0.6014,2
-0.4389,-0.3862,1
0.1293,0.1674,3
0.8530,-0.6217,2
0.2709,0.6681,1
0.0897,-0.3161,3
-0.8044,-1.0549,3
0.9558,0.4142,3
-0.6232,-0.1440,1
0.3603,0.7068,1
0.7229,0.6155,1
-0.1605,-0.6904,2
-0.4377,0.7092,1
0.8497,-0.6777,2
0.9409,0.7508,3
-0.7145,0.3159,2
-0.8506,-0.0534,3
-1.0703,0.3787,3
-0.8860,0.8827,3
0.8570,0.4848,2
0.5508,-0.0533,3
-0.8313,0.8464,3
-0.0083,-0.8755,3
0.2605,0.4685,2
0.0805,-0.3792,1
0.1753,-0.1967,1
-0.7637,-0.9852,3
0.2129,-0.1014,3
0.8240,0.0626,3
0.3209,0.7649,1
-0.1865,0.7064,1
0.0808,0.0629,3
-0.3470,0.1105,2
-0.5584,-0.1330,1
-0.0068,-0.7014,3
-0.6482,-0.4560,1
0.3452,-0.3795,1
-0.6096,-0.6630,2
-0.1550,0.7509,1
0.9055,-1.0745,3
-0.6283,0.0808,2
-0.1712,-0.2920,1
0.1955,-0.9583,3
0.7066,0.0195,3
0.2043,0.0276,3
-0.2156,-0.9823,3
-0.2660,0.9651,3
0.1806,0.4870,2
0.0756,0.7222,3
-0.6460,-0.9312,3
-0.9792,-0.1943,3
-0.2872,0.4660,2
0.5263,0.2032,2
0.9030,-0.6287,2
-0.0459,0.8085,3
-0.6032,0.4258,2
-0.1108,0.3256,2
-0.8661,-0.9153,3
0.4672,0.9405,1
0.2042,-0.3285,1
-0.0319,-1.0114,3
-0.2107,0.8021,1
-1.0463,-1.0301,3
0.2890,0.1293,2
0.7921,0.7430,1
0.2981,0.9129,3
-0.4513,-0.9890,3
0.3790,-0.9250,2
0.3142,0.2820,2
-0.4537,-0.7317,2
0.0904,0.0431,3
0.7942,-1.0203,3
-0.6314,-1.0719,3
-0.8356,0.9358,3
0.9686,0.4686,3
-0.3926,-0.0633,3
0.5572,0.4966,2
-0.2613,0.6109,1
0.5665,-0.9723,3
-0.2598,0.3586,2
0.8707,-0.9617,3
0.2716,-0.5805,2
-0.8507,-0.3495,1
-0.4055,0.5635,1
-1.0675,0.2408,3
0.9318,0.1229,3
-0.7162,0.7260,1
0.2026,-0.2476,1
0.7541,0.4670,2
-0.3117,0.7227,1
-0.0644,0.3957,3
-0.3407,-0.5073,2
-0.1077,0.4980,2
-0.8964,-0.5412,2
0.6258,-0.0562,3
0.9175,0.4965,2
0.0821,0.1890,3
-1.0840,0.3314,3
0.9396,-0.3896,3
-0.1051,0.9720,3
0.9512,-0.1733,3
0.0950,-0.7650,3
-0.4473,-0.7025,2
0.0875,-0.6932,3
0.8645,0.8758,3
-0.9706,-0.1999,3
0.2714,-0.2112,1
0.3928,-0.8363,2
-0.7132,0.5964,1
-0.2775,-1.0875,3
-0.4598,-0.3600,1
0.5090,0.7222,1
0.9290,0.5250,1
0.0536,0.8686,3
-0.8646,-1.0515,3
0.8406,-0.9134,3
-0.1248,-0.0644,3
-0.5784,0.5279,1
0.3331,0.6091,1
0.9347,0.1976,3
0.4848,-1.0359,3
-1.0023,-0.2438,3
-0.1471,0.4905,2
0.0199,0.2396,3
0.0869,0.8425,3
0.2522,0.7271,1
-0.5176,-0.2388,1
0.4493,-0.5886,2
-0.7138,-0.4971,1
-0.7200,-0.4783,1
-0.4487,-0.8794,2
-0.2917,0.5265,1
0.1562,0.2299,2
0.0544,-0.5107,2
-0.1610,-0.0109,3
0.7869,-0.6762,2
0.0532,0.8846,3
0.1800,-1.0939,3
0.3751,-0.8000,2
0.2457,-0.5380,2
-0.9576,-0.5021,3
-0.8109,-0.3752,1
0.3591,0.7384,1
0.1363,0.7454,1
-0.7587,0.5163,1
-0.7330,-0.1074,3
0.7369,0.0753,3
-0.5808,-0.1069,1
-0.6948,0.5736,1
0.4823,0.2442,2
-0.4374,0.2692,2
0.6680,0.7158,1
0.1538,-0.1520,3
0.7219,-0.4710,1
0.1479,-0.0325,3
0.0910,0.2903,3
0.5654,0.3801,2
-1.0848,-0.0754,3
0.1185,0.1514,3
-0.3301,0.4598,2
-0.3323,0.0370,3
-0.6475,-0.5954,2
-0.8877,-0.1284,3
0.3976,-0.4825,1
-0.5548,-0.1201,1
0.8617,0.1078,3
-0.8508,0.5296,1
-0.1764,0.4030,2
-0.6224,-0.4546,1
-1.0680,0.6255,3
0.6130,0.1230,2
-0.0841,0.1784,3
-0.4969,-0.0689,1
-0.8970,0.7216,3
-0.9175,-0.1271,3
0.1814,-0.1498,3
-1.0901,0.6338,3
0.3547,-0.8778,2
-0.4946,-0.2477,1
-0.2603,0.0506,3
0.7323,-0.3986,1
-0.8416,0.9815,3
-0.8689,0.0819,3
0.3845,-0.3913,1
0.7274,0.4165,2
-0.7657,0.3403,2
-0.4605,0.2501,2
-0.4812,0.1426,2
-0.8188,-0.2783,1
-0.1359,-0.6363,2
0.6947,-0.9545,3
0.3139,0.7046,1
0.7793,-0.3314,1
0.9268,-0.7152,3
0.5209,-0.3334,1
0.4353,0.2532,2
0.3680,0.6937,1
0.2347,0.5991,1
-0.2244,-0.3807,1
-0.7922,-0.4970,1
-0.9642,-0.4580,3
0.9433,-0.3247,3
0.8922,-0.5379,2
0.9179,-0.9266,3
0.2838,-0.2180,1
-0.4629,-0.0215,3
-0.0725,0.9509,3
-0.3169,-0.2932,1
-0.3805,-0.3901,1
0.0916,-0.8595,3
0.3764,-0.4731,1
0.4937,-0.2556,1
-0.7794,-0.2716,1
-0.6565,0.0963,2
0.4477,-0.3487,1
0.6993,0.5835,1
0.2934,0.6426,1
-0.7412,0.1856,2
-0.8953,-0.8234,3
0.3589,0.4886,2
0.0586,0.9960,3
-0.5329,-1.0139,3
0.9469,0.2502,3
-0.2070,-0.4335,1
0.9600,0.9846,3
-0.1931,0.3365,2
-0.4885,-0.6993,2
-0.9191,-0.1679,3
0.1291,-0.4755,1
-1.0716,-0.4232,3
0.2758,0.7277,1
-0.8398,-0.4308,1
0.3703,-0.4810,1
0.8547,0.5751,1
-0.2044,0.2137,2
0.0637,0.9542,3
0.2097,0.6307,1
-1.0596,0.1567,3
-0.1191,-0.1667,3
0.8231,-0.1591,3
-0.1821,-0.3699,1
-0.8226,0.4294,2
0.0307,-0.6416,3
-0.7385,-0.8402,2
-0.0172,-0.7100,3
-0.1634,-0.7414,2
-0.9823,0.0968,3
-0.0722,0.4880,2
0.7158,-0.2174,1
0.0631,-0.4886,1
-1.0038,-0.8733,3
-0.5344,0.3060,2
0.8575,-0.4940,1
-0.5374,-0.2617,1
0.4393,-0.7143,2
0.6793,-0.7428,2
0.0158,0.9567,3
0.7866,-0.9534,3
-0.6850,-0.9518,3
-0.6936,0.3979,2
-0.5619,0.2430,2
0.7565,-0.4442,1
-0.6602,-0.3157,1
-0.9562,-0.9444,3
0.5669,0.2069,2
-0.3330,0.6631,1
0.4336,0.2326,2
-0.0309,0.2911,3
0.8386,0.5317,1
-0.9706,0.2779,3
0.9174,0.8087,3
0.6352,-0.0667,3
0.7653,0.4218,2
0.0798,-0.9196,3
0.5699,0.4862,2
0.5782,-0.9919,3
-0.2709,0.3347,2
-0.3362,0.1689,2
-0.9810,-0.1924,3
0.3245,0.6859,1
-0.9855,-1.0085,3
0.3490,0.5481,1
0.3241,-0.6819,2
-0.1609,0.1627,3
0.9498,-0.0315,3
-0.5593,0.8672,1
-0.2228,-0.9241,3
-0.1995,-0.4575,1
0.5976,0.9803,3
-0.2771,0.1676,2
0.4665,-0.6989,2
0.2756,-0.8044,2
0.7358,-1.0605,3
0.4645,0.8548,1
-0.1529,-0.2110,3
0.5407,-0.0385,3
-0.1195,-0.1102,3
-0.4904,-0.7954,2
0.3079,0.4487,2
0.4674,0.2576,2
-0.5828,-1.0919,3
0.1249,0.2944,2
-0.9161,-1.0747,3
0.9369,0.7816,3
-1.0944,-0.3402,3
-0.0508,0.4721,3
0.0609,-0.7752,3
0.7677,-0.2033,1
-0.7357,0.2322,2
-0.3485,0.2114,2
-0.9788,-0.8077,3
-0.8271,0.0017,3
0.1821,-0.2175,1
0.3063,-0.5101,2
-0.7688,-0.2263,1
0.8476,-0.2515,1
-0.2182,-0.0276,3
-0.9571,-0.0343,3
-0.0022,-1.0202,3
-0.2528,0.0034,3
-0.2604,0.7964,1
-0.5246,0.9005,1
-0.9788,-0.7569,3
-0.3028,-0.6145,2
0.5752,0.4487,2
0.6968,0.6964,1
0.7410,0.9697,3
-0.3019,-0.0769,3
-0.2478,-0.9955,3
0.5130,0.0834,2
-0.1218,0.3606,2
0.9319,0.7599,3
-0.6670,-1.0253,3
-0.2744,0.4307,2
-0.9455,0.5728,3
-0.5659,-0.1059,1
0.3692,0.0095,3
-0.2054,0.4904,2
0.3526,0.5918,1
0.9759,-0.0722,3
0.0405,0.6727,3
-0.3757,-0.2185,1
0.6424,0.4224,2
0.8045,-0.6054,2
0.5269,0.3175,2
0.5781,-0.5950,2
-0.3219,0.5100,1
-0.8351,0.1111,3
0.5847,-0.0095,3
-0.4582,0.7392,1
-0.4366,0.0759,2
-0.3666,-1.0674,3
-0.9146,0.5279,1
0.5230,0.5380,1
0.1197,0.4989,2
-0.5342,-0.8398,2
0.1716,0.1901,3
0.0416,-0.1860,3
-0.3875,-0.1538,1
0.3086,-0.8607,2
-0.8363,-0.1133,3
-0.3557,-0.0582,3
-0.6033,-0.0907,1
-0.9471,-1.0186,3
0.9998,-0.3053,3
0.8206,-0.4368,1
0.8706,-0.5461,2
-0.4043,-1.0439,3
-1.0181,-0.8813,3
0.5941,0.2016,2
0.7176,-0.9401,3
0.4617,-0.1109,1
0.3500,-0.4967,1
0.8031,-1.0375,3
0.4495,0.1117,2
-0.7982,0.7132,1
-1.0016,-0.0538,3
-0.3450,-0.5049,2
0.9555,-0.1921,3
-0.4236,0.9553,3
0.6027,-0.6030,2
-0.4816,0.4733,2
-0.0490,0.2142,3
0.5294,0.0328,3
0.4329,0.1234,2
-0.7656,0.1504,2
0.2834,0.7961,1
-0.9605,-0.3666,3
-0.7006,0.9426,3
-0.3041,0.8490,1
0.0544,-0.0023,3
0.5622,0.1528,2
-1.0561,-0.7828,3
0.7479,0.9994,3
0.1252,-0.6757,2
0.9547,-0.2722,3
-0.1787,-0.5269,2
-0.7989,0.8723,3
0.7873,0.8305,1
-0.0949,0.2202,3
-0.0461,0.2395,3
-0.6294,-0.7627,2
0.0356,-0.4898,3
-0.0293,0.4351,3
-0.5472,0.7666,1
0.2840,0.6072,1
-0.2357,-0.1538,1
-0.2401,-0.1918,1
0.1635,-0.4922,1
-0.1924,-0.7113,2
-0.0679,-0.2377,3
0.1165,0.8534,3
0.3355,0.4176,2
0.7256,0.1228,2
0.2481,-0.3692,1
-0.6570,-0.7980,2
0.9703,-0.1864,3
-0.4607,0.0059,3
0.4238,0.6100,1
-0.5591,0.9765,3
0.3765,0.8250,1
0.5837,-0.8592,2
-0.3288,-0.6564,2
0.0490,0.9347,3
-0.0486,0.9567,3
-0.7767,0.9835,3
-0.2810,0.4399,2
0.8369,-0.9455,3
-0.1425,0.5625,1
0.2773,-0.8944,3
-0.8067,0.7203,1
-0.5924,-0.8365,2
-0.4661,0.0469,3
0.2694,-1.0423,3
-0.3431,0.8103,1
-1.0658,-0.9666,3
0.6353,0.6179,1
-0.7258,-0.6935,2
-1.0385,0.4232,3
-0.7588,0.0130,3
0.3799,-0.4355,1
-0.0035,-0.9011,3
-0.9956,-0.1667,3
-0.7466,-0.0381,3
-0.6042,0.6308,1
0.1674,-0.3109,1
0.3511,0.6750,1
-0.0474,0.9850,3
-0.2781,-0.7780,2
-1.0574,0.4788,3
-0.9676,-1.0232,3
0.6121,0.7676,1
0.6947,0.9863,3
-0.9259,0.7563,3
0.4095,-0.5847,2
-0.2307,-0.2106,1
0.0798,0.8657,3
-0.0117,0.1842,3
-0.3010,0.3418,2
-0.8539,0.1949,3
-0.0274,0.4135,3
0.9840,-0.6764,3
0.0885,-0.0634,3
-0.6914,0.9104,3
0.2586,-0.6488,2
0.3892,0.3909,2
-0.5719,0.0013,3
0.1586,-0.8772,3
-0.0124,0.3327,3
0.9791,-0.6028,3
0.8480,-0.2516,1
0.2866,-0.0721,3
-0.3859,-0.7251,2
-0.8879,0.4131,2
0.7167,-0.6418,2
-0.3921,-0.3107,1
0.8716,-0.4081,1
0.1129,-0.0398,3
0.6285,0.5215,1
-0.1294,-0.1129,3
0.9727,-0.7402,3
-0.7220,-0.5992,2
0.3611,0.5366,1
-0.3764,-0.6512,2
-0.1307,-0.3973,1
-0.1541,-0.2826,1
0.4511,-0.8675,2
0.7453,-0.9348,3
-0.4926,0.9573,3
0.5782,-0.7758,2
-0.6845,-0.8138,2
0.0134,-0.8129,3
-0.1219,-0.8737,3
0.2473,-0.4935,1
0.7478,-0.8821,3
0.4936,0.7206,1
-0.5223,0.8716,1
-0.8786,0.9388,3
0.4082,-0.1550,1
-0.7124,-0.7225,2
0.5477,0.2336,2
0.0949,-0.0012,3
0.4661,-0.1599,1
0.1640,-1.0265,3
-0.2025,-0.2577,1
-0.7024,0.2130,2
0.0284,0.4111,3
0.5001,-1.0935,3
0.6374,-0.2526,1
-0.4869,0.3852,2
-0.0346,-0.9933,3
0.1058,0.5431,1
0.9783,0.3272,3
0.4819,0.3865,2
-0.8278,0.8695,3
0.7640,0.8199,1
0.1031,-0.1411,3
-0.1812,-0.4309,1
0.7990,-1.0172,3
-0.3574,-0.4035,1
-0.1750,0.0403,3
0.9095,0.9535,3
-0.5486,0.4097,2
0.9600,-0.9112,3
-0.8429,-0.5270,2
0.5740,0.2224,2
-0.4203,-0.3202,1
-0.2345,-0.4421,1
-0.9930,-0.7526,3
-1.0556,-0.7208,3
-0.8831,0.8084,3
-0.9009,0.3200,2
-0.3327,0.0179,3
0.9891,-0.5337,3
0.1007,-0.3682,1
0.1628,-1.0743,3
0.7721,0.0724,3
0.9791,-0.7766,3
-0.5180,0.9391,1
-0.5878,-0.2609,1
-0.5879,-1.0138,3
-1.0385,0.0918,3
-0.2339,-0.1729,1
0.7497,-0.1269,3
0.1745,0.7941,1
0.2523,0.3914,2
0.6025,0.4514,2
-0.2886,-0.7302,2
-0.5307,-0.2994,1
-0.1639,0.6700,1
0.4323,-1.0011,3
0.6956,0.2044,2
0.1713,0.6748,1
0.5278,0.7533,1
0.6138,-1.0600,3
-0.5076,-0.9740,3
-0.9737,-0.4460,3
0.2178,-0.1077,3
0.4810,-0.0325,3
0.8654,-0.3445,1
-0.2384,0.1177,3
-0.9531,-0.6358,3
-0.4309,-0.1417,1
-0.2660,0.1385,2
0.6588,0.6701,1
-0.1916,0.0912,3
0.7690,-0.4960,1
-0.7044,-0.0597,3
-0.8212,0.9234,3
-0.3064,0.8926,1
0.9634,0.2860,3
-1.0814,-1.0103,3
0.9400,0.2364,3
-0.0180,0.4210,3
-0.7961,-0.1526,3
-0.9235,0.0655,3
-1.0348,-0.7767,3
0.5297,-0.3657,1
0.1816,-0.7364,2
0.8727,-0.1595,3
-1.0663,-0.3188,3
-1.0683,0.8027,3
0.2852,-0.6728,2
-0.2570,0.5640,1
-0.7493,0.5367,1
0.4567,-0.7859,2
-0.1773,0.4753,2
-0.6962,-0.2373,1
-0.2884,0.3858,2
-0.8163,0.0155,3
-0.7667,-0.6398,2
-0.9190,-0.7016,3
-0.3165,0.7107,1
0.0327,0.9651,3
-1.0257,-0.0945,3
-0.1944,-0.9920,3
0.6866,-0.1627,1
0.9107,-0.0282,3
0.2645,-0.3462,1
-0.4642,0.6152,1
-0.8096,-1.0075,3
0.9293,0.1131,3
0.5677,-0.7669,2
0.9758,-0.7206,3
0.7189,-0.8405,2
0.3949,-1.0478,3
-0.3803,0.5759,1
-0.6494,0.4032,2
0.2866,0.4833,2
0.3683,0.3609,2
-0.6112,-0.8261,2
0.4689,-0.9246,2
0.1112,0.3796,2
0.1472,-0.6243,2
-0.9666,0.7830,3
-1.0091,-0.6762,3
0.8755,-1.0799,3
0.5370,0.4433,2
-0.7468,0.5128,1
0.8227,-1.0279,3
0.7723,0.2175,2
-0.9757,-0.6080,3
-0.2066,-0.5251,2
0.8952,-0.9200,3
-1.0418,0.2635,3
0.5409,-0.5530,2
0.5374,0.0098,3
-0.3776,-0.3514,1
-0.6106,0.8696,1
0.1243,-0.4772,1
0.6527,0.2152,2
-0.0534,0.5282,3
0.2353,-0.5164,2
-0.0285,0.5885,3
-1.0036,-0.2059,3
0.6606,0.8687,1
-0.9883,0.7848,3
-0.7393,-0.0949,3
-0.7403,-0.8441,2
0.0851,-0.6821,3
0.5194,-0.3739,1
-0.1351,0.0568,3
0.7359,0.5873,1
0.8054,-0.8747,3
0.4569,-0.0702,1
-0.2519,0.1096,3
-0.8550,0.7948,3
-0.3623,0.4803,2
-0.7216,0.7092,1
0.0688,-0.6252,3
-0.4967,-0.2707,1
-0.7565,-0.3850,1
-0.4859,-0.3958,1
0.6201,-0.1262,1
-0.1399,-0.2948,1
0.2917,-0.6205,2
0.4313,-0.8434,2
0.5363,0.1671,2
0.8438,0.3417,2
0.3924,0.3007,2
-0.7285,-0.8595,2
-0.5897,-0.4836,1
-1.0647,0.1480,3
-1.0033,-0.6863,3
-0.1428,0.1655,3
-0.2115,0.4606,2
0.9948,0.1320,3
-0.9245,-0.4911,1
0.8362,0.7956,3
0.4827,-0.3037,1
-0.4991,-0.2256,1
0.1758,-1.0678,3
0.0310,-0.2879,3
0.1993,-0.1252,3
-0.9462,-0.4083,3
-0.8245,-0.5748,2
-0.1677,-0.3143,1
0.0417,-0.1324,3
0.9338,0.1384,3
0.2813,-0.2090,1
-0.6962,-0.9302,3
-0.7485,-0.7014,2
0.3017,-0.5729,2
-0.0925,0.1379,3
-0.7773,-0.6098,2
0.9342,-0.1764,3
0.2646,0.1100,3
-0.1443,-0.7044,2
0.9221,-0.9449,3
0.2704,-1.0242,3
-0.2532,0.5459,1
-0.4989,0.6791,1
-0.7684,0.6428,1
-0.4533,-0.8346,2
-0.2188,0.9280,3
0.0563,0.1850,3
-1.0023,0.4079,3
0.5836,0.3995,2
0.9349,-0.5088,2
-0.4626,-0.8423,2
-0.0186,-0.5284,3
0.0812,-0.7540,3
0.6817,-1.0630,3
-0.3584,0.6037,1
-0.9080,-1.0880,3
0.6796,-0.0611,3
0.5579,-0.8193,2
-0.3821,0.8895,1
0.9234,0.2647,3
-0.9452,-0.2954,3
0.1926,0.2112,2
0.9896,0.2904,3
-0.3809,0.5733,1
-0.3101,-0.4460,1
-0.9356,0.3273,3
-0.1883,0.1458,3
0.8989,0.9929,3
0.4919,0.5806,1
-1.0701,-0.8665,3
0.1843,-0.8780,3
-0.8545,-0.1361,3
0.1608,0.8034,3
0.1445,0.8788,3
0.6928,0.0680,3
0.1434,0.8477,3
0.8726,-0.6639,2
0.0588,0.8622,3
0.7264,0.7779,1
0.4355,-0.5837,2
-0.6681,0.5999,1
0.8436,0.2436,2
-0.2543,0.7425,1
0.2365,-0.7624,2
0.3230,0.2664,2
-0.5289,-0.4927,1
0.4884,-0.2834,1
0.4712,-0.3508,1
-0.4801,-0.3843,1
-0.4721,-0.7873,2
0.7836,0.7713,1
-0.9396,0.6562,3
-0.8926,0.2192,3
0.5184,0.9338,1
-0.0029,-0.0461,3
-0.6499,0.4290,2
-0.4462,-0.8063,2
-0.3274,0.3995,2
-1.0638,-1.0910,3
0.7370,0.3592,2
0.2754,-0.7919,2
0.9665,-0.2362,3
0.0246,0.4377,3
0.5130,0.6445,1
-0.9467,-0.9591,3
0.9573,0.9370,3
0.9122,-0.9823,3
0.5932,-0.9804,3
0.3369,0.1116,2
-1.0465,-0.6660,3
-0.9345,-0.5964,2
0.8630,-0.2807,1
-0.3027,-0.4645,1
-0.8813,-0.2665,1
-0.4554,0.9557,3
-0.9073,0.9200,3
-0.8362,-0.9408,3
-0.3162,0.2885,2
0.5968,-0.8032,2
-0.0670,0.7502,3
-0.6623,-0.1097,1
0.6871,-0.7501,2
0.0079,0.2803,3
-0.6305,-0.6552,2
-0.6080,-0.5770,2
-0.2212,-0.4426,1
-0.0734,-0.3582,3
0.3767,0.7239,1
0.2773,0.5954,1
-0.5426,0.9219,1
0.5512,-0.3500,1
0.8419,0.8150,3
-0.1908,-0.4743,1
0.1035,-0.5939,2
-0.1775,-0.9635,3
-0.8438,0.2602,2
0.0268,0.9434,3
0.6100,-0.9653,3
0.2237,-1.0205,3
-0.5205,0.7157,1
-0.4975,0.3583,2
-0.7269,0.5290,1
-0.9999,0.7498,3
0.2529,0.3773,2
0.3453,0.8103,1
0.2992,-0.1036,1
-0.5397,0.1411,2
-0.2886,0.3695,2
0.7669,0.9149,3
0.8756,-0.4106,1
-1.0486,-0.9681,3
0.9495,0.0781,3
-1.0247,0.5595,3
0.2128,0.2990,2
0.6391,0.7923,1
0.0147,-0.8585,3
0.1506,0.3878,2
0.7706,0.2507,2
0.1377,0.0235,3
-0.3720,-0.5171,2
-0.1662,-1.0727,3
0.4793,0.3941,2
0.1684,-0.8093,3
-0.2364,-0.0647,3
-0.8944,-0.3608,1
0.6246,-0.8430,2
-0.2289,0.5741,1
0.3351,-0.1536,1
0.1337,-0.4521,1
-0.8546,-0.2273,3
-0.6597,0.2601,2
0.0142,0.5909,3
-0.3521,-0.2152,1
-0.1584,0.8855,3
0.9083,0.5696,1
-0.6316,-0.2579,1
0.5969,0.9478,3
-0.8639,-0.2347,3
-0.8615,-0.0003,3
0.8006,-0.6559,2
0.7390,0.4252,2
-0.3989,-0.4899,1
-0.0007,-1.0638,3
0.4565,-0.8670,2
-0.4158,0.7019,1
0.0057,0.0244,3
-0.0381,-0.9801,3
-0.3846,0.7098,1
-0.0953,0.5570,1
0.5953,-0.1870,1
0.1266,-1.0362,3
0.6551,-0.2765,1
-1.0885,0.8912,3
0.5888,-0.8499,2
-0.1090,0.3894,2
-0.4058,-0.3700,1
-0.1854,0.2953,2
0.2401,0.9139,3
0.3316,-0.3035,1
-0.9532,-1.0843,3
-0.6016,0.1525,2
0.0402,0.4604,3
0.2724,0.7555,1
0.1702,-0.8229,3
0.3125,-0.2345,1
0.0901,-0.5609,2
-0.1707,-0.2548,1
0.2626,-0.1592,1
-0.3636,-0.1485,1
0.0909,0.6274,1
-0.7591,0.7851,1
-0.7426,0.1554,2
0.0804,0.5974,1
0.0693,-0.5880,2
-0.7060,0.2161,2
-0.5723,-0.2076,1
-0.6314,0.5679,1
-0.7473,0.7410,1
0.3234,0.5229,1
-1.0819,-0.3641,3
-0.7116,0.1082,2
0.1751,0.2177,2
0.9535,-0.5623,3
-0.9415,-0.4101,3
0.3892,0.2494,2
-0.7827,0.7301,1
0.0345,-0.4254,3
-0.1145,-0.8850,3
-0.8279,-1.0452,3
-0.3730,-0.4340,1
0.2709,0.1547,2
0.4584,0.7395,1
-0.2774,0.8111,1
0.4805,-0.9540,3
0.3340,0.4986,2
-0.2181,0.7224,1
-0.3932,-1.0430,3
-0.0599,-0.4397,1
-0.5053,0.0986,2
0.2502,0.9839,3
-0.6519,0.5675,1
0.7139,0.4826,2
-0.8579,-0.4006,1
0.6975,-0.5858,2
-0.3458,-0.6755,2
0.0802,-1.0748,3
0.5792,-0.4614,1
0.7647,-0.6982,2
-0.6503,0.2452,2
-0.5522,0.7837,1
-0.2561,0.3297,2
0.5061,0.4507,2
0.3867,-0.5538,2
-0.9890,0.9814,3
0.6449,0.3612,2
0.9652,-1.0071,3
-0.0713,0.6792,3
0.5755,0.1708,2
-0.7214,0.2731,2
0.6850,0.0328,3
0.6976,-0.2349,1
0.0580,0.2768,3
0.4037,-0.1773,1
0.6785,0.8534,1
-0.9320,-0.8737,3
0.6371,-0.0882,1
0.5560,0.1433,2
-0.6374,-0.0574,3
0.6895,-0.5264,2
-0.0760,0.3344,3
0.9347,-0.1108,3
0.4273,-0.1366,1
-0.4316,0.0028,3
-0.9658,-0.0530,3
-0.7241,0.8191,1
-1.0202,-1.0265,3
-0.4157,0.1378,2
0.3502,-1.0120,3
-1.0394,0.0288,3
0.9414,-0.8714,3
0.2551,0.5786,1
0.1404,-0.1890,3
-0.2781,0.6030,1
0.8537,-0.5886,2
-0.9235,-0.2223,3
0.8458,-0.9887,3
0.7669,0.2732,2
-0.0253,-0.6647,3
-0.7240,0.1089,3
0.3823,-0.3481,1
-0.0720,0.4622,2
-0.2746,0.6123,1
-0.4000,-0.9244,2
0.7003,-0.3394,1
0.2044,0.6418,1
-0.1108,-0.5405,2
0.2203,-0.9704,3
0.3705,-1.0578,3
0.7325,0.2242,2
-0.5464,0.9091,1
-0.9981,-0.7006,3
-1.0797,0.8688,3
0.6726,-0.0050,3
-0.7959,-1.0514,3
-0.8961,0.6865,1
-0.2995,0.1319,2
0.1486,0.5259,1
-0.2558,0.8487,1
0.7015,-0.5555,2
-0.4907,-0.0941,1
-0.9138,0.4984,2
0.4654,0.4066,2
0.6280,-0.1641,1
0.4488,0.3606,2
-0.9400,-1.0976,3
0.2696,-0.8381,2
-0.6982,0.2899,2
-0.9693,-1.0256,3
-0.7151,-0.6652,2
-0.9770,-0.5112,3
-0.9787,-0.1765,3
0.7207,0.2700,2
-0.6506,-0.5351,2
0.1186,-0.9491,3
0.0093,0.7279,3
0.0568,0.1956,3
0.2263,-0.4778,1
-0.3978,-0.1456,1
0.4580,-0.9491,3
-0.7851,0.6181,1
-0.9466,0.5845,3
0.8800,-0.5448,2
-0.1255,-1.0893,3
-0.4704,0.2594,2
-0.6545,-0.3474,1
0.8482,-0.5332,2
0.5761,0.5689,1
0.8368,-1.0745,3
-0.9662,-0.0446,3
-0.9237,0.1431,3
-0.3167,0.2331,2
-0.6613,-1.0903,3
0.8553,0.0408,3
-0.1360,0.3133,2
0.1918,0.1790,2
-0.0686,0.3451,3
-0.2365,-0.1887,1
0.9003,0.7380,3
-0.1780,-0.5701,2
-0.0026,0.2675,3
0.1825,-0.1544,3
0.8343,-0.2414,1
-0.5855,0.6711,1
-0.2159,-0.4517,1
-0.3735,-0.0396,3
0.7914,0.4098,2
-0.8064,-0.8699,3
0.4195,-0.9512,3
0.2709,-0.7165,2
0.4621,-0.5373,2
0.5624,-0.6065,2
0.9078,-0.6741,2
0.3048,0.8081,1
-0.9361,-0.8732,3
-0.7620,0.1613,2
0.4943,0.5206,1
-0.9930,0.3286,3
-0.7208,-0.4785,1
-0.0003,0.1633,3
0.1698,0.7262,1
-0.8762,-0.0388,3
0.1360,-0.5827,2
0.1913,-0.4445,1
-0.4338,-0.5379,2
-0.0610,-0.9717,3
0.0248,-0.4986,3
-0.4782,-0.0674,1
-0.0727,0.9266,3
-0.2593,0.0913,3
-0.9467,0.0787,3
-0.7474,0.6476,1
-0.4007,-0.6404,2
-0.0237,-0.0215,3
-0.0189,-1.0240,3
-0.8582,-0.8491,3
0.8022,-0.6344,2
0.2121,-0.0618,3
-0.1171,-0.5967,2
0.5937,0.5491,1
-0.0345,-0.4674,3
0.6774,-1.0097,3
0.1340,-0.8009,3
0.0229,-0.9386,3
-0.8743,0.8636,3
0.2526,-0.7210,2
-0.0577,0.6052,3
-1.0733,0.6416,3
-1.0352,0.0029,3
-0.3799,0.0459,3
0.0789,-0.1381,3
0.2968,-0.1190,1
0.3275,-0.4911,1
0.9192,-0.7896,3
0.0123,0.5129,3
0.8595,-1.0223,3
-0.9545,0.5369,3
-0.9320,0.2795,3
0.8360,0.1909,3
0.4409,-1.0384,3
0.0545,-0.3065,3
-0.6593,-1.0032,3
-0.7012,-0.6327,2
0.7384,-0.6364,2
0.4702,-0.6415,2
0.5095,-0.4509,1
0.3204,-0.1937,1
0.5301,-0.3521,1
0.4152,0.4494,2
-0.0417,-0.5726,3
-0.0378,-0.1822,3
-0.4948,0.1077,2
-0.6453,-0.3268,1
-0.6127,-0.8093,2
0.9641,0.9282,3
-0.7477,0.0186,3
-0.3783,-0.3070,1
0.1154,0.0205,3
0.1603,-0.1462,3
0.4840,-0.3695,1
0.3122,-0.0065,3
0.2796,-0.3673,1
0.8998,-0.1903,3
0.3806,0.3149,2
-0.7409,-0.6611,2
0.8424,0.3213,2
0.2568,-0.6524,2
-0.5709,0.7115,1
0.1208,-0.0837,3
-1.0979,0.0849,3
-0.1555,-0.7456,2
-0.8965,0.5662,1
0.0474,0.3188,3
-0.4133,-0.7924,2
-0.8274,-0.9293,3
-0.0619,0.5848,1
0.1642,-0.7823,2
-0.7825,0.0640,3
0.1275,0.6981,1
-0.6211,0.4865,2
-0.9630,-0.7787,3
-0.1921,0.3938,2
-0.3311,0.3369,2
0.1052,0.8896,3
-0.7467,0.1073,3
-0.0255,0.1978,3
0.4618,0.1779,2
-0.2360,-0.4909,1
-0.5032,0.4507,2
-0.1832,-0.2306,1
0.6214,0.8549,1
-0.6458,-0.2144,1
-0.9273,-0.3283,3
0.9496,0.3001,3
-0.6302,-0.6715,2
-0.2133,-0.4932,1
-0.3502,0.6945,1
-1.0995,0.4187,3
0.0314,0.1058,3
0.3083,0.3847,2
-0.7869,-0.7172,2
-0.4175,0.7749,1
0.5607,0.4465,2
-0.7160,-0.9425,3
-0.1029,0.2008,3
-0.0731,-0.4815,1
0.0557,0.3811,3
0.4041,0.2284,2
-0.9472,0.3537,3
-0.4715,-0.4774,1
0.7822,0.4151,2
0.1294,-0.5679,2
0.1097,0.1299,3
0.9508,-0.8589,3
-0.7643,0.2591,2
0.6258,-0.4512,1
0.6419,-0.7918,2
-0.6764,0.2026,2
0.7547,-0.2924,1
0.3601,-0.3482,1
-1.0916,-0.7130,3
0.2704,0.0641,3
0.7682,-0.3255,1
-0.7076,0.9210,3
-0.9717,-0.0791,3
-0.5564,0.9105,1
-0.6639,0.6729,1
-0.6574,0.5457,1
-0.1971,-0.7067,2
0.7868,0.1385,3
0.6524,0.4126,2
0.7873,0.2943,2
0.7209,-0.8891,3
-0.5031,0.4756,2
-0.0815,0.9570,3
-0.8726,-0.0731,3
-0.7559,0.4978,2
-1.0090,-0.9878,3
-0.8277,-0.6166,2
-1.0668,-0.6994,3
0.4044,-0.5232,2
-0.7889,0.8404,1
-0.8503,-0.3463,1
0.3861,0.0526,3
0.0470,0.1730,3
-0.8089,-0.3005,1
-0.4144,-1.0216,3
-1.0063,-0.6936,3
-0.8107,-0.4094,1
0.8820,0.2078,3
-0.4524,-0.9906,3
-0.8653,-0.1083,3
0.6072,-0.7743,2
0.0039,0.8795,3
-0.2908,0.0372,3
-0.8199,-0.8865,3
0.6140,-0.5088,2
-1.0460,0.8637,3
0.2449,0.4401,2
-0.0837,-0.7081,3
-0.3869,0.2074,2
0.0914,0.2986,3
0.2858,0.1851,2
0.7050,0.5751,1
0.8757,0.5870,1
-0.2171,-0.5766,2
0.6964,0.0177,3
0.4151,0.3036,2
0.3434,-0.5810,2
0.1830,-0.9474,3
0.5562,0.4631,2
-0.7338,0.1702,2
-1.0457,-0.6799,3
0.0339,0.2992,3
0.8602,-1.0498,3
0.6911,-0.5267,2
0.2576,-0.2175,1
0.8719,-0.4566,1
-1.0324,0.5769,3
-0.8815,0.9434,3
0.1639,0.0014,3
-0.6333,-0.1397,1
-0.9809,0.8818,3
-0.8361,0.4625,2
-0.6991,0.4469,2
0.6151,0.9571,3
-0.0900,0.9813,3
0.1272,-0.0356,3
-0.6986,-0.8389,2
-0.7365,-0.8384,2
-0.7887,-1.0453,3
-0.2651,0.5689,1
-0.1628,-0.3932,1
-0.8877,-0.0952,3
-0.8163,-0.6693,2
-0.1519,0.4476,2
0.4322,0.3149,2
-0.6921,0.5513,1
0.1967,-0.4282,1
0.0138,0.5976,3
-0.9813,-0.3710,3
0.5546,0.0288,3
-0.3897,-0.3181,1
-1.0069,0.0117,3
-0.0570,-0.6433,3
0.2733,0.2542,2
-0.5887,-0.9919,3
-0.1769,0.3485,2
-0.2851,0.0353,3
-0.7467,-0.0014,3
0.4661,0.2014,2
-0.5538,-0.1017,1
-0.4837,-0.1459,1
-0.5505,0.8130,1
0.5259,0.5634,1
0.4105,0.6446,1
-0.8077,-0.0348,3
-0.3266,-0.0974,1
0.7470,-0.2335,1
-1.0858,-0.3100,3
0.2232,0.2875,2
-1.0558,0.7345,3
0.3956,-0.1327,1
0.0830,-0.8895,3
-1.0973,0.4363,3
0.2091,0.4688,2
-0.3623,0.7553,1
-0.6330,0.2540,2
-0.3906,-0.0834,1
0.0670,-0.8647,3
-0.5200,-0.5225,2
0.8799,-0.2277,3
0.5427,-0.4466,1
0.7748,0.2897,2
0.4199,0.7891,1
-1.0203,-0.3569,3
0.0766,-0.9761,3
-0.6223,-0.5278,2
-0.0088,0.5607,3
-0.3172,-0.0061,3
-0.0030,0.9918,3
-0.5373,0.7347,1
0.7471,-0.0703,3
-0.0113,-0.6435,3
0.9463,-0.9444,3
-0.4082,-0.5737,2
-0.3669,-0.5283,2
0.2986,-0.8242,2
0.1251,0.0734,3
0.5655,-0.4550,1
-0.1375,0.6452,1
0.2881,-1.0609,3
0.7691,0.7658,1
-0.4887,-0.2396,1
0.3265,0.2940,2
0.8543,-0.6766,2
0.2859,-0.6830,2
-0.9419,0.0330,3
0.3467,0.1468,2
0.4895,0.2931,2
0.3025,-0.9187,3
0.8193,-1.0644,3
-0.3470,0.1179,2
-0.7886,0.8781,3
-0.8087,0.8769,3
-0.5769,0.1538,2
0.5221,0.8112,1
0.1928,0.2913,2
0.5770,0.8041,1
-0.9484,-0.0966,3
0.0982,-1.0941,3
0.3269,-0.6159,2
-0.6771,0.4850,2
0.5171,0.7696,1
-0.3681,0.0065,3
0.0627,-1.0656,3
0.1878,-0.1180,3
-1.0300,0.9408,3
-1.0000,-0.7186,3
0.8189,-0.7087,2
-0.8416,-0.7580,2
0.5450,0.7805,1
-0.9468,-0.2621,3
0.0718,0.7302,3
-0.4580,0.2234,2
-0.3664,0.7402,1
0.2293,-1.0395,3
-0.8757,0.6522,1
0.5455,0.7413,1
0.4218,-0.8226,2
-0.2521,-0.5155,2
-0.7882,-1.0643,3
0.4666,-0.7183,2
0.9765,0.5665,3
-0.3368,0.7953,1
0.9578,-0.0785,3
-0.9627,0.5028,3
-0.2980,-0.8095,2
-0.7593,0.8738,3
-1.0794,-0.1173,3
0.0972,-0.3458,1
-0.3770,-0.6735,2
-0.2853,-0.1528,1
-1.0213,-0.7397,3
-0.4115,0.5005,1
-0.4623,0.4364,2
-1.0150,-0.1506,3
0.4720,0.5516,1
0.2312,0.4485,2
0.1181,0.9943,3
0.2438,0.0759,3
-0.0841,0.3811,2
-0.4213,0.7179,1
0.6716,-0.0806,3
0.5917,0.6922,1
0.9022,-0.3111,1
-0.6536,-0.4749,1
0.1154,0.1611,3
0.4723,0.1941,2
0.5214,-0.9391,2
-0.3054,-0.9410,3
0.5973,-0.2204,1
0.0085,0.0693,3
-0.6688,-0.7603,2
-0.4822,0.5493,1
-0.7660,0.8617,3
-0.3748,0.2499,2
0.2428,0.3039,2
-0.0322,-0.0856,3
-0.7767,-0.4405,1
-0.3934,-0.8745,2
0.3484,0.0530,3
-0.2493,-0.5362,2
-0.7859,-0.7770,2
0.7579,0.8355,1
-0.6161,-0.5476,2
0.9945,-1.0188,3
0.3320,0.0030,3
0.1505,0.7632,1
0.3426,0.7683,1
0.3125,0.6766,1
0.6300,-1.0623,3
-0.0735,-0.1273,3
0.3416,0.9943,3
0.8871,0.6649,1
-0.4462,-0.5063,2
0.8904,-1.0978,3
0.6466,-0.3589,1
-0.5339,0.9607,3
-0.0359,-0.7761,3
0.7962,0.4480,2
-0.2236,0.7907,1
0.5291,-0.8916,2
-0.2063,-0.3204,1
0.9716,-0.8637,3
-0.5521,0.2841,2
0.9129,-0.9221,3
0.3218,-0.1605,1
0.0506,-0.3366,3
-0.1662,-0.0623,3
-0.6717,0.4876,2
0.5314,-0.7813,2
0.4898,0.1780,2
-0.0402,-1.0441,3
0.1388,-1.0761,3
-0.7202,-0.0650,3
0.4719,0.1562,2
-0.2744,0.0010,3
0.3647,0.6193,1
0.7806,0.3363,2
0.8556,-0.7715,3
-0.3796,0.7685,1
-0.5936,-1.0577,3
-0.3920,0.5570,1
-0.2944,0.5418,1
-0.5053,0.1339,2
0.0294,-0.9740,3
0.4527,-0.4808,1
0.3041,-0.5875,2
-0.4249,-0.5572,2
-0.5636,-0.0451,3
0.4778,-1.0917,3
-0.8888,-0.7966,3
0.0093,0.5759,3
0.9227,-0.2101,3
-0.0878,0.7783,3
0.1184,0.6326,1
0.5469,0.6247,1
0.6749,-0.8451,2
0.1817,-0.6195,2
0.7967,0.7764,1
0.6145,-0.1740,1
0.9024,0.0672,3
0.4452,0.2065,2
0.5797,-0.9797,3
0.7493,-0.9839,3
0.0752,0.2270,3
-0.9757,0.2864,3
0.5304,0.1336,2
-0.1377,0.4532,2
-1.0765,0.8745,3
0.2315,0.1419,3
0.5071,-0.2216,1
-0.2334,0.1820,2
0.0333,-1.0517,3
0.6625,-0.1701,1
0.8247,0.2770,2
0.7560,0.7271,1
-0.6558,0.2012,2
-0.0665,-1.0762,3
0.3214,-0.3172,1
-0.9601,-0.6033,3
-1.0902,-0.8358,3
0.7831,0.5403,1
0.3978,-0.3546,1
-0.0065,0.4213,3
-0.4802,-0.7750,2
-0.4368,-0.9731,3
0.1034,0.4298,2
0.3089,-0.8633,2
0.4781,-0.0286,3
0.0666,0.3028,3
-0.7516,-0.1775,1
0.0298,-0.3074,3
-0.9763,-1.0366,3
-0.2836,0.4451,2
-0.2538,-0.1438,1
0.9418,-0.2440,3
0.1204,0.7249,1
-0.7037,-0.4818,1
-0.6297,0.3898,2
-1.0605,-0.0099,3
0.7147,-0.3973,1
0.1170,-0.1819,3
-0.9675,-0.5741,3
0.0547,0.6106,3
0.4974,-0.8787,2
-0.0866,0.8458,3
0.0439,-1.0568,3
-0.4616,0.1676,2
-0.9934,0.3548,3
-0.3873,-0.1472,1
-0.7890,-0.4454,1
0.7088,0.4314,2
-0.7205,-0.9949,3
-1.0503,-0.2502,3
0.4948,-1.0108,3
0.8399,0.2095,2
-0.3081,-0.0431,3
-0.9724,-0.1756,3
0.4829,0.1824,2
-0.5650,-0.0198,3
0.4037,0.4483,2
-0.1740,-0.5524,2
0.4915,0.4644,2
0.7152,0.5981,1
-0.1808,-0.6721,2
-0.5491,0.1302,2
-0.0175,-0.8403,3
-0.4384,0.3619,2
-0.7353,-0.3888,1
-0.8883,0.8596,3
-0.2996,-1.0484,3
0.0691,0.4923,2
0.0085,0.1967,3
-0.6833,-0.5087,2
-0.6209,-0.1484,1
0.5716,0.8828,1
-0.7000,-0.6024,2
-0.6696,0.8915,1
0.9620,-0.9545,3
0.4896,-0.2188,1
-0.5266,-1.0595,3
-1.0887,0.5559,3
-0.7998,-0.4271,1
-0.0822,-0.4351,1
0.2841,0.1295,2
-0.5755,-1.0155,3
0.1811,0.5936,1
0.5768,-0.8105,2
-0.2097,0.9935,3
-0.2191,0.2694,2
-0.1549,-0.6476,2
0.1522,0.2451,2
-0.1500,0.5825,1
0.1366,-0.1880,3
0.7281,-0.3737,1
0.6932,-0.7985,2
-0.3332,0.7045,1
0.8574,-0.0330,3
-0.7226,-0.2247,1
0.6319,0.6615,1
-1.0952,-0.9436,3
0.7461,0.1858,2
0.7500,0.3229,2
0.4754,-0.4597,1
0.3164,-0.7438,2
0.9097,-0.8384,3
-0.2914,0.0618,3
0.5067,0.6586,1
-0.3556,-0.3567,1
-0.5294,-0.6276,2
0.3696,-0.8362,2
-0.3261,-0.9637,3
0.9683,-0.4686,3
0.1033,-0.7543,3
0.4066,-0.2647,1
-1.0928,0.4114,3
-0.1083,0.7533,3
-0.4028,-0.3584,1
0.0762,-0.9274,3
0.2819,-0.6074,2
-0.5712,0.1916,2
-0.3458,0.2374,2
-0.7466,-0.8391,2
-0.1039,-0.0023,3
-0.0958,0.4667,2
0.4702,-0.7263,2
0.7305,-0.8559,2
-0.5899,0.6987,1
-0.2245,0.6134,1
-1.0556,-0.8179,3
-0.6513,-1.0484,3
0.6935,0.3403,2
0.8049,-0.7093,2
-1.0180,-0.1190,3
-0.5367,0.3639,2
0.3737,-0.0079,3
-0.4446,-0.9722,3
-0.7705,-0.0912,3
-0.7113,0.2256,2
-1.0934,0.2929,3
-0.3077,0.4767,2
0.6666,-0.5772,2
0.7208,-0.9233,3
-0.8785,-0.5037,2
0.7901,-0.8341,2
-0.2216,-0.8612,3
-0.7825,-0.5281,2
0.5791,-0.9776,3
-0.1374,0.6611,1
0.0034,0.4258,3
0.0249,-0.6229,3
-0.5821,0.6804,1
-0.4951,-0.2525,1
-0.4108,-0.1064,1
-1.0269,-0.4042,3
-0.8135,-0.2346,1
-0.9275,0.9532,3
0.2881,0.8933,1
-0.9701,0.5096,3
-0.6104,0.9200,1
0.7755,0.2680,2
-0.9413,-1.0069,3
0.8399,0.7378,1
-0.8845,-0.2976,1
0.3989,0.2189,2
-0.8717,-0.5762,2
0.6960,-0.3538,1
-0.8958,-0.7991,3
0.4937,-0.2066,1
0.1946,0.5668,1
0.4891,0.4811,2
-0.6678,0.6616,1
0.4343,0.7203,1
0.5549,0.5641,1
0.2299,-1.0554,3
0.4841,0.0055,3
0.3126,0.6428,1
0.0986,0.1525,3
0.3807,0.3140,2
0.9549,-0.2204,3
-0.4671,-0.9168,2
0.3034,-0.7711,2
-0.1706,0.5076,1
-0.4702,-0.6769,2
-0.6991,0.8244,1
0.9899,0.8901,3
0.3055,-0.6779,2
0.5517,-0.2603,1
-0.9576,0.1067,3
-0.6961,0.3724,2
0.1512,0.8880,3
-0.6222,-0.5362,2
0.5308,0.5764,1
0.7163,-0.0885,3
-0.1096,0.6712,1
0.7910,0.5233,1
0.8545,0.0944,3
0.8522,-0.3161,1
-0.3980,-0.6180,2
0.1070,0.0029,3
-0.7936,0.0970,3
-0.1070,0.6118,1
0.5191,-0.5553,2
-0.6484,0.6615,1
0.6514,-0.2446,1
0.0338,-0.1974,3
-0.3566,0.5117,1
0.3664,-0.8258,2
0.0881,0.0827,3
0.1856,-1.0215,3
-0.2460,-0.0233,3
0.6018,-0.3916,1
-0.9289,0.4540,2
0.3923,-0.2269,1
0.9359,-0.5006,2
0.8760,-0.8577,3
0.6964,-0.2310,1
0.8541,0.2154,3
0.3137,-0.7943,2
-0.1231,-0.0349,3
0.0611,-1.0892,3
0.8677,0.8045,3
0.5224,0.2341,2
-1.0214,-0.3895,3
-0.6832,0.2642,2
-0.3110,0.1708,2
-0.7591,-0.7092,2
0.8793,-0.5880,2
0.8447,0.2716,2
0.2850,0.7807,1
0.8710,0.1610,3
-1.0770,0.5674,3
-1.0700,0.8771,3
-0.2172,0.3437,2
-0.9172,0.7597,3
-0.6912,0.2439,2
0.7705,-0.8236,2
0.0483,0.2929,3
0.5105,0.1270,2
-1.0966,0.9274,3
-0.6088,-0.3076,1
0.0982,-0.2679,3
0.0832,-0.0226,3
0.2441,-0.0720,3
-0.7509,-0.4709,1
-0.2914,-0.8799,2
0.7901,-0.2684,1
0.7874,0.8201,1
-0.3913,-0.4298,1
0.1637,-0.2085,1
-0.6701,0.5725,1
-0.9647,-0.8996,3
0.8489,0.1837,3
0.4933,0.3595,2
-0.6894,0.4967,2
0.2868,-0.1982,1
-0.8108,-0.6150,2
0.6339,0.3724,2
0.4625,-0.1220,1
-0.6996,0.8115,1
0.5071,0.1090,2
-1.0684,0.2971,3
0.9406,0.8190,3
0.1172,-0.4507,1
-0.6108,-0.7190,2
0.4408,-0.1808,1
0.9535,0.5761,3
0.0196,0.8024,3
-0.2402,-0.4871,1
0.1619,0.1704,3
-0.9904,-0.5513,3
-1.0277,-0.7012,3
-0.0662,0.7062,3
0.7712,-0.6038,2
-0.4158,-0.9284,2
-0.7922,-0.9088,3
0.2806,-0.7606,2
0.4884,0.2212,2
-0.9416,-0.3944,3
0.8705,-0.4524,1
-0.0135,0.3113,3
0.4668,-0.0600,1
-0.1126,-0.5137,2
-0.2576,0.7472,1
0.0992,-1.0957,3
-0.0824,0.2088,3
-0.5470,-0.0101,3
0.6076,0.4868,2
-0.3040,0.3788,2
0.9830,0.3802,3
0.5503,-0.8092,2
0.5714,-0.1691,1
-0.4699,0.0598,2
-0.9479,-0.3115,3
0.7653,-1.0774,3
0.3361,-0.2481,1
0.3338,-0.1971,1
0.7918,-0.7788,2
0.3892,-0.4658,1
-1.0316,-0.5116,3
-0.4615,-0.0140,3
0.7972,0.0915,3
-1.0241,0.4048,3
-0.4217,-0.2281,1
-0.2165,-0.4387,1
-0.8479,-0.6661,2
-0.1479,0.8235,3
0.2648,0.4822,2
-0.1167,0.4169,2
-0.8294,-0.3514,1
0.4395,0.6067,1
0.5005,-0.2267,1
-0.5904,0.2923,2
0.0946,0.8988,3
0.9266,0.1629,3
-0.6127,-0.5349,2
-0.8511,-0.8155,3
0.6566,-0.7752,2
0.6892,-0.7651,2
0.0967,-0.5272,2
-0.1038,0.3488,2
-0.0933,0.8483,3
0.1722,-0.8285,3
0.3305,-0.9445,3
0.6884,0.6011,1
-0.1959,0.1279,3
0.2078,-0.6954,2
-1.0988,0.7175,3
0.6969,0.0958,3
0.6163,0.6234,1
-0.7413,-0.9964,3
-0.9115,-0.4923,1
-0.7120,0.8451,1
-0.1676,-1.0227,3
-0.9199,-1.0709,3
-0.4499,0.0763,2
0.3779,0.5568,1
-0.0754,-0.4499,1
0.8282,-0.7449,2
-0.2944,0.5166,1
0.9561,0.6098,3
-0.3555,0.1640,2
-1.0857,-0.3542,3
-0.1185,0.7112,1
0.8415,-0.5022,2
0.3347,-0.8998,2
-0.3987,0.5232,1
-0.2921,-0.0106,3
0.3683,0.6403,1
0.0667,0.5484,1
0.6695,0.7168,1
-0.3753,0.0474,3
0.2735,0.6493,1
0.6975,0.1018,2
-1.0956,-0.5969,3
-0.3816,0.9605,3
-0.9871,0.3629,3
0.1245,-0.9728,3
-0.9913,-0.9940,3
0.8385,0.9502,3
-0.3963,0.1732,2
-0.9495,0.3051,3
-0.3037,-0.1417,1
-0.7055,-0.9353,3
-0.5013,0.4611,2
0.7131,-0.8318,2
0.1779,-0.6622,2
0.3155,-0.5486,2
-1.0129,0.0130,3
0.6532,-1.0085,3
0.5162,-0.7284,2
-1.0480,0.6291,3
0.7345,0.1765,2
0.7563,0.8432,1
0.2824,0.5948,1
0.7934,0.9861,3
-0.2321,0.9439,3
0.2912,0.5643,1
-0.1978,0.6857,1
0.7290,0.4009,2
0.1468,0.4421,2
0.6691,-0.6753,2
0.8799,-0.0154,3
-0.1239,0.9670,3
-1.0024,-0.4707,3
-1.0415,0.6138,3
-0.0991,-0.9896,3
0.2428,-0.3646,1
0.2869,-0.0009,3
-0.5214,-0.4307,1
-0.4061,-0.7280,2
-0.4445,0.4618,2
-0.7841,0.9467,3
0.0261,0.1181,3
0.6324,-0.2449,1
-0.4810,-0.2208,1
-0.8028,-0.8119,2
0.2039,-0.9230,3
0.2727,-0.9200,3
-0.9560,0.3703,3
-0.2907,-0.8975,3
-0.0159,0.7102,3
-0.7871,-0.7731,2
-0.6543,0.5998,1
0.3261,-0.0757,3
-0.8309,-1.0800,3
0.2963,-0.1754,1
0.4818,0.6123,1
-0.2288,-0.4920,1
-0.2696,-0.5964,2
0.3631,0.3494,2
0.2828,0.6602,1
0.6376,-0.5133,2
0.8372,-0.0897,3
-0.3333,0.9812,3
-0.7194,0.4760,2
-0.9163,0.3647,2
0.1863,-0.6034,2
0.6916,0.6320,1
-1.0036,0.0177,3
-0.4437,-0.7345,2
0.0377,0.9526,3
0.1900,-0.4805,1
0.5649,-1.0387,3
0.1275,-0.7047,2
-0.5352,-0.5095,2
0.7447,0.8476,1
-0.8492,0.3823,2
-0.6657,-1.0120,3
-0.7074,0.1010,3
-1.0307,-0.3268,3
-0.4230,-0.8470,2
-0.9621,0.8633,3
-0.3505,0.8295,1
0.4953,-0.2541,1
-0.1528,-0.9485,3
0.1114,0.9849,3
-0.9958,-0.6986,3
-0.4956,0.6690,1
-0.6373,0.7319,1
-1.0357,-0.0725,3
-0.7776,0.8090,1
-0.2249,-0.5268,2
0.1913,0.2094,2
-0.4388,0.5838,1
-0.6896,-0.3696,1
-0.7430,-0.0126,3
-0.1166,-0.6052,2
-0.1493,0.6329,1
-0.7757,-0.6540,2
-0.6212,0.1715,2
-0.5024,0.5902,1
0.1564,-0.3983,1
0.9916,0.7608,3
-0.7293,-0.6458,2
0.4926,-0.6650,2
0.3817,0.8150,1
-0.8560,-0.8431,3
-0.7118,0.4352,2
0.4663,-0.0506,3
0.0191,0.8766,3
0.6798,0.3760,2
-0.1360,-0.4369,1
0.8709,0.8147,3
-0.8039,-0.9048,3
-0.8393,-0.3251,1
0.3667,-0.2417,1
-0.7349,-0.4769,1
0.4600,-0.7433,2
-0.7162,0.8307,1
-0.2891,0.8765,1
-0.8343,-0.9073,3
0.6915,-0.5903,2
-0.6505,-1.0203,3
0.9449,0.9158,3
0.0290,-0.0360,3
0.7924,-0.2912,1
-0.6600,-0.3436,1
0.3719,-0.7891,2
-0.5288,0.6680,1
-0.5939,-0.2681,1
-0.6571,0.8728,1
0.5902,-0.2921,1
-0.6041,0.0502,3
0.0646,-0.2202,3
-0.1191,0.8755,3
-0.3438,0.1466,2
-1.0318,-0.6523,3
0.6563,-0.5823,2
-0.5726,0.6012,1
-0.6665,0.5564,1
-0.4348,-0.8741,2
-0.7348,0.0052,3
-0.1177,0.7372,3
0.3162,0.4534,2
0.4052,0.8223,1
-0.8147,0.8481,3
0.6951,0.8755,1
-0.4440,-0.9090,2
-0.0743,0.7206,3
-0.0292,0.9066,3
0.5961,0.7270,1
0.0531,0.6643,3
-0.9252,-0.2906,3
-0.9180,-0.3978,1
-0.6894,-0.4846,1
-0.8414,-0.0242,3
-0.2587,-0.4762,1
-1.0189,0.7235,3
-0.7390,0.3972,2
0.1770,0.7662,1
0.2195,0.4623,2
0.6143,-0.0853,1
0.3378,-0.8297,2
0.1057,-0.7366,3
0.9909,-0.9235,3
-0.8300,0.5870,1
0.9035,0.3231,2
0.2513,-1.0217,3
-0.9675,0.4333,3
-0.3196,-0.5568,2
-1.0513,-0.0610,3
0.5190,-0.2100,1
0.5629,0.6001,1
-0.4865,0.9239,1
-0.0027,0.7905,3
0.6901,-0.7831,2
0.2528,0.3044,2
0.2315,-0.4095,1
0.5747,-0.6628,2
-0.0460,0.5655,3
-0.4863,0.2240,2
0.1526,-0.5828,2
-0.4529,-0.5961,2
-0.5045,-0.3204,1
0.9371,0.2759,3
0.2228,0.9858,3
-0.7850,-0.2582,1
-0.2242,0.8778,3
-0.6581,0.3894,2
0.8017,0.4392,2
0.1799,0.4919,2
0.7561,-0.5673,2
-0.2038,-0.0124,3
0.1232,-0.6291,2
0.4248,-0.9228,2
-1.0636,-1.0615,3
0.4012,0.1890,2
-0.5442,-1.0517,3
0.6929,0.0513,3
-0.2721,0.6300,1
-0.6728,-1.0493,3
0.6158,-0.3578,1
-0.2075,-0.6083,2
-0.4800,0.2344,2
0.8811,-0.6782,2
-0.3263,0.0610,3
0.9137,-0.5702,2
0.5936,-0.2901,1
0.5174,-0.2832,1
0.1808,-0.0577,3
-0.1059,0.2172,3
-0.0192,-0.7048,3
-0.5938,0.5366,1
-0.6565,-0.9009,2
-0.4122,0.1714,2
0.8291,0.0151,3
0.2221,0.4449,2
0.7573,-0.9854,3
0.9366,-0.7227,3
0.3491,0.8177,1
-0.3009,-0.9773,3
-0.1214,-0.3873,1
-0.4475,-0.5278,2
0.4226,-0.9300,2
0.2891,-0.3966,1
0.1122,-0.8169,3
0.9207,-0.9070,3
-0.4216,-0.6731,2
0.7296,0.0218,3
-0.4740,-0.6826,2
-0.8068,-0.6449,2
0.4325,0.5153,1
0.9000,0.1897,3
0.6299,0.8366,1
0.5670,-0.0210,3
0.6542,-0.7339,2
0.1017,-0.4672,1
-0.0211,0.7543,3
0.1051,-0.5985,2
0.9242,-0.6059,2
0.1049,0.0365,3
-0.3227,0.0256,3
0.2295,0.3556,2
0.4525,-0.0409,3
-0.6225,-1.0216,3
0.3765,-0.3293,1
-0.5665,-0.1910,1
-0.8140,-0.6665,2
-1.0013,0.9159,3
-0.8300,0.6658,1
-0.1051,0.9243,3
-1.0681,-1.0034,3
-0.5429,0.0108,3
0.8509,0.6622,1
0.5123,0.7751,1
-0.9437,-0.3828,3
-0.1884,-0.1664,3
0.7428,-0.9590,3
-0.8108,0.1953,2
0.1001,-0.3333,1
0.2737,-0.5234,2
0.4374,0.8072,1
0.3856,0.7234,1
-0.8593,0.4844,2
0.6393,-0.5893,2
0.1501,-0.4658,1
-0.6650,0.1820,2
-0.3692,-0.1079,1
-0.8072,-0.5184,2
-0.4458,0.8051,1
-0.7433,-0.2894,1
-0.5777,0.1683,2
0.6442,-0.8349,2
0.3093,0.9334,3
0.4603,-0.5905,2
-0.3999,-0.2660,1
-0.0139,-0.9625,3
-0.4588,-0.6283,2
0.8608,-0.2181,3
0.9561,0.5001,3
0.2926,0.1062,2
-0.9657,0.7276,3
-0.7118,-0.2350,1
-0.3804,-0.4190,1
0.3467,0.2739,2
-0.6139,0.7034,1
-1.0155,-0.0916,3
-0.1283,0.7286,1
0.1735,-0.8190,3
0.6620,-0.3662,1
-0.3095,-0.7379,2
0.4678,0.7766,1
-0.6004,-0.9910,3
-0.8517,-0.7396,2
-0.1091,-0.8956,3
0.8605,-0.8165,3
0.3106,0.9948,3
-1.0889,0.6988,3
-0.2402,-0.3693,1
-0.7201,-0.8936,3
-1.0954,-0.2340,3
0.9098,-1.0109,3
0.7744,-0.2185,1
0.8177,-0.0521,3
0.0626,0.4797,2
0.6816,0.8530,1
0.8419,0.1495,3
0.6296,-0.7586,2
0.2585,0.8779,3
-0.3981,-0.8506,2
-1.0177,-0.5376,3
-0.5670,0.3929,2
-0.5428,-0.5559,2
0.0918,0.3170,3
0.1748,0.4717,2
0.5234,0.1795,2
-0.7623,0.4333,2
0.2686,-0.9879,3
-0.7852,0.0863,3
0.0599,0.3773,3
-0.4340,-0.2584,1
0.2304,-0.5921,2
0.9910,-0.1400,3
-0.2507,0.2495,2
-0.2621,0.4512,2
0.4990,-0.1797,1
-1.0864,-1.0680,3
-0.7868,-0.5292,2
-0.5239,0.4049,2
0.8877,0.7509,3
-0.1234,0.4112,2
-0.0696,0.2143,3
-0.1556,-0.8010,3
0.3263,0.1592,2
0.3853,-0.6137,2
-0.4635,-1.0487,3
0.2279,0.8669,3
-0.5409,0.2189,2
-0.2731,0.3085,2
-0.5316,0.5648,1
-0.2403,-1.0326,3
-0.6149,-0.2267,1
-1.0006,-0.3018,3
0.3440,-0.4245,1
-0.8968,0.2317,3
-0.6736,0.0798,3
-0.3571,0.3568,2
-0.7059,0.5873,1
0.6558,0.7204,1
-0.2535,0.0410,3
-0.8933,0.3830,2
0.0923,0.4345,2
0.2499,0.6515,1
-0.3466,-1.0232,3
-0.0401,0.2219,3
0.6416,0.8196,1
0.2893,-0.9733,3
-0.4072,0.3887,2
-0.1751,-1.0631,3
-1.0358,0.0281,3
0.2686,-0.6094,2
-0.8921,-1.0885,3
0.8475,-0.4980,1
0.5988,0.5032,1
-0.7776,-0.6547,2
-0.4557,-0.5709,2
0.8283,0.7366,1
0.9636,0.0782,3
0.3880,-0.3830,1
0.1550,-0.6520,2
0.9389,-0.2034,3
-0.8324,0.2282,2
-0.0767,-0.1396,3
-0.3831,0.8483,1
-0.1028,-0.3188,1
-0.1236,-0.8342,3
0.1718,0.0843,3
-0.8227,0.0193,3
0.6863,0.8761,1
-0.4775,-1.0913,3
-0.7786,0.1668,2
-0.5622,-0.9503,3
-0.0966,-0.5986,2
0.2279,-0.7086,2
0.1184,-0.6170,2
-0.2606,0.0573,3
0.2796,0.0070,3
-0.7145,-0.7971,2
0.9674,0.0025,3
-0.9488,-0.1354,3
0.7836,0.0275,3
0.1304,-0.0445,3
-0.8882,0.4078,2
-1.0253,0.8981,3
0.2839,-0.4027,1
0.9068,0.6054,1
0.8641,-0.6554,2
0.7551,-0.2325,1
-0.1540,-0.0170,3
0.1589,-1.0356,3
0.4660,0.9983,3
0.1217,-0.2544,3
0.0053,0.5072,3
0.0485,-0.0274,3
-0.4903,0.1996,2
0.9372,-0.7067,3
-0.7728,0.0677,3
0.3488,-0.5610,2
-0.5246,0.4235,2
-0.6628,0.8594,1
-0.9792,-0.7560,3
0.4647,0.9849,3
-0.3114,0.2198,2
-0.2477,0.6346,1
-0.7972,-1.0888,3
0.6989,0.7688,1
-1.0905,-0.1794,3
-0.4856,0.0148,3
-0.6721,0.6629,1
-1.0126,-0.0624,3
-0.1375,-1.0754,3
0.3309,0.1897,2
0.0923,-0.3203,1
0.7287,0.6677,1
-0.8968,-0.9341,3
0.5271,-0.7760,2
-0.5901,-0.0082,3
-0.7911,0.1985,2
-0.7885,0.0612,3
-0.1670,-0.4856,1
0.0724,-0.4680,1
-0.7168,0.0820,3
0.4526,-0.1024,1
-0.9032,0.8805,3
-0.4395,-0.8158,2
-0.1819,0.5231,1
-0.7912,-0.8511,3
-0.2872,0.4011,2
-0.0714,-0.5585,2
0.0688,0.1318,3
-0.3926,-0.4042,1
0.4558,0.1173,2
0.6876,0.7646,1
-0.6842,0.9991,3
-0.1742,0.2488,2
-0.4865,0.9983,3
0.8808,-0.1033,3
0.0802,0.3335,3
0.8943,0.2770,3
0.2140,-0.5452,2
0.5612,-0.9680,3
-1.0221,0.8700,3
-0.7190,-0.2093,1
0.2710,0.3096,2
0.3322,-0.6602,2
-0.5587,-1.0604,3
0.0356,0.9971,3
0.1570,-0.2768,1
0.7618,0.5728,1
-0.2777,-0.4124,1
-0.1784,0.3358,2
-0.4141,-0.2975,1
-0.7676,0.7661,1
-0.9641,-0.8732,3
0.0431,0.3499,3
-0.3184,-0.3957,1
0.4819,-0.2405,1
-0.5258,0.8629,1
0.6501,0.8452,1
0.1724,-0.0177,3
-0.8150,0.7138,1
0.0220,0.3206,3
0.7109,-0.8210,2
-0.9562,0.4727,3
0.8517,-0.1340,3
-0.9397,-0.3266,3
-0.7982,-0.2539,1
0.4758,-0.4658,1
-0.4878,0.6117,1
-0.2390,0.6553,1
-0.0384,0.5426,3
-0.7404,-0.5564,2
-0.6980,-0.1662,1
-0.6935,-1.0478,3
-0.3210,0.5789,1
0.0345,-0.0359,3
0.2927,-0.9435,3
-0.7153,0.0036,3
-0.6645,-0.5716,2
-0.5238,-0.8128,2
0.3944,-0.3635,1
-0.0394,0.6962,3
0.4826,-0.5636,2
-0.7696,-1.0051,3
-0.9519,0.0914,3
0.7502,0.1098,3
-0.3660,-0.9902,3
0.6534,0.0360,3
-0.0564,-1.0402,3
0.0882,0.7226,3
0.6387,-0.8773,2
-0.3133,-0.0686,3
-0.7208,0.0714,3
-1.0651,-0.2853,3
0.5998,-0.4888,1
0.0019,-0.0058,3
0.2477,-1.0375,3
-0.3096,-0.2697,1
-0.5011,0.0208,3
-0.1748,-0.3530,1
-0.8878,-0.4246,1
0.8568,-0.1538,3
-0.3148,0.5102,1
0.9822,0.7287,3
0.5700,0.0703,2
0.4514,0.2087,2
0.2930,-0.8619,2
-0.8599,0.6723,1
0.3094,-0.8250,2
-0.6130,-0.0908,1
-0.2138,0.4889,2
-1.0966,-0.9661,3
0.5514,-0.3063,1
-0.1358,-0.9497,3
0.8145,0.7894,1
-0.2026,-1.0733,3
-0.6353,-0.3458,1
-0.1271,0.1499,3
-0.8356,-0.1450,3
-0.1214,0.8343,3
-1.0746,-0.6700,3
0.0430,0.3184,3
-0.4319,0.2831,2
-0.0093,0.9775,3
0.5581,0.4776,2
-0.1133,-0.6557,2
-0.0335,-0.1099,3
-0.5218,-0.4820,1
0.6838,0.4424,2
-0.3317,0.4984,2
0.2317,0.5656,1
0.5251,0.6965,1
-0.7802,-0.6020,2
-0.1536,-0.5158,2
0.3530,0.8250,1
-0.6815,0.3784,2
-0.8449,0.4615,2
-0.3033,-0.1768,1
-0.2553,0.7874,1
-0.1993,-0.6972,2
0.2651,0.7874,1
-0.2529,-0.7684,2
-0.3225,0.3253,2
-0.1504,-0.6386,2
-0.2323,0.6178,1
0.9598,-1.0005,3
0.1835,0.4849,2
0.7959,0.5033,1
0.9828,-0.3577,3
-1.0126,0.3358,3
-0.5326,-0.5941,2
-0.2858,-0.2776,1
0.9675,0.5109,3
0.6456,-0.2879,1
0.2983,-0.5537,2
0.1149,-0.4366,1
-0.7663,0.9621,3
-0.1050,0.0112,3
0.2874,0.8446,1
0.4726,-0.9449,2
0.4624,0.4324,2
-0.8454,-0.3541,1
-0.0828,-1.0495,3
-0.8509,-0.1000,3
-0.3072,-0.7634,2
-0.7641,0.2602,2
-0.2575,0.0500,3
-1.0174,-0.2900,3
-0.4390,0.7282,1
0.5221,0.9593,3
-0.8256,-0.3629,1
-0.4773,-0.4919,1
-0.4009,0.5177,1
0.6193,0.9865,3
0.3623,0.0920,2
-0.9584,-0.1753,3
-0.4757,-0.7038,2
0.5705,0.5415,1
-0.6533,0.8197,1
-0.5584,0.1395,2
-0.9438,-0.2226,3
-0.6003,-0.1013,1
0.9275,-0.5177,2
0.7087,-0.5116,2
-0.7896,0.2308,2
-0.5522,-0.5152,2
0.9679,0.0705,3
0.0929,-0.4330,1
-0.4118,-0.2877,1
-0.4464,-1.0496,3
0.9042,-0.3048,3
-0.1249,-0.5714,2
0.0914,-0.5544,2
-1.0299,0.5381,3
-0.7347,-0.4884,1
-0.3224,-0.5785,2
0.3891,0.1772,2
0.4203,0.3165,2
0.7595,0.1290,3
0.9050,-1.0301,3
-0.6402,-0.6472,2
-0.4453,-0.6723,2
0.5232,0.7477,1
-0.0053,-0.8886,3
-0.5400,0.6483,1
-0.8382,-0.6358,2
-0.6565,0.1369,2
-0.1072,0.5349,1
0.6826,-0.0371,3
0.0729,-1.0521,3
0.5745,0.8505,1
-0.5306,-0.0364,3
0.0277,0.9897,3
-0.7199,-0.2128,1
0.1186,-0.8149,3
-0.1429,0.5784,1
-0.3621,0.5118,1
-1.0939,-0.8389,3
0.2595,0.0008,3
-0.6275,0.8195,1
-0.3509,-0.3657,1
-0.8163,0.0926,3
0.8713,0.1765,3
-0.3725,0.5538,1
-0.8607,0.8004,3
0.6017,0.8138,1
0.6509,-0.9288,3
-0.2226,-0.3213,1
-0.9392,0.1575,3
0.5659,0.2795,2
0.4426,-0.5770,2
-0.1421,-0.9196,3
-1.0652,-0.1360,3
-0.6585,0.2943,2
0.9649,-0.1860,3
0.1138,-0.3860,1
0.5483,0.3975,2
0.8066,0.4196,2
-0.4260,-0.5659,2
-0.0266,-0.1867,3
-0.7655,-0.4248,1
-0.3728,0.9854,3
-0.2537,0.5045,1
-0.3359,-0.0929,1
-0.3380,-0.7700,2
-0.8134,-0.8954,3
-0.2471,0.1445,2
-0.7149,-0.2122,1
-0.9914,-0.2734,3
-0.9179,-1.0265,3
0.6406,0.2959,2
-0.3125,0.1889,2
-0.3065,-0.5059,2
-0.3915,0.3675,2
0.0282,0.6819,3
-0.8192,0.3627,2
-0.7429,-0.0920,3
0.3481,0.1034,2
-0.5875,-0.9878,3
-0.9895,0.1745,3
-0.6578,-0.7029,2
0.3792,0.1951,2
0.5417,0.7642,1
-1.0171,0.6503,3
-0.5092,-0.8350,2
0.7237,-0.8686,2
0.5610,-0.5888,2
0.4203,-0.7456,2
0.0053,-0.9713,3
0.7219,-0.9666,3
0.8106,-1.0973,3
0.4961,-0.9323,2
-0.0893,-0.1557,3
0.2711,0.4232,2
-0.0435,0.3816,3
-0.4022,0.3987,2
0.7787,-1.0231,3
-0.4062,0.3204,2
0.8411,-0.3233,1
-0.0293,-0.6681,3
-0.0583,-0.3055,3
-0.4367,-0.4973,1
0.2057,-1.0164,3
-0.1429,-0.7891,3
-0.8877,-0.4210,1
-0.6556,-1.0771,3
-0.4182,0.9405,3
-0.9093,0.5925,1
-0.2152,0.4617,2
0.0157,0.8412,3
-0.1567,0.7134,1
0.2399,-0.3779,1
0.7904,0.9337,3
-1.0575,0.6315,3
-0.3896,0.0132,3
-1.0365,0.6521,3
0.8077,-0.3732,1
-0.8453,0.0133,3
-0.2897,0.1119,2
0.3243,-0.0774,3
0.7909,0.7686,1
-0.0544,-0.6273,3
0.7091,0.1362,2
-1.0349,-0.5061,3
-0.4021,0.0808,2
-0.6649,0.5413,1
-0.2057,0.6750,1
-0.8366,-0.4154,1
0.6087,-0.7941,2
-0.7839,-0.7810,2
0.3191,-0.7204,2
0.9711,0.1268,3
0.0063,-0.8742,3
-0.8599,0.8167,3
0.3377,0.5644,1
-0.2607,0.1286,2
0.3330,0.7848,1
0.6013,0.0421,3
-0.0789,0.6664,3
0.6360,0.6190,1
-0.2528,-1.0289,3
0.1603,0.6415,1
0.7461,0.4237,2
-0.7739,0.3548,2
0.7295,-0.4577,1
0.6738,0.0486,3
-0.0781,0.6449,1
-0.8246,-1.0718,3
0.8707,-0.5845,2
0.8449,0.2084,3
-1.0201,-0.4158,3
-0.6630,0.4129,2
-0.6310,-1.0617,3
-0.5449,0.3901,2
0.7047,-0.9089,3
0.0091,-0.5480,3
-0.8378,-0.8306,3
-0.9065,-1.0917,3
0.6930,-0.5804,2
0.3631,0.4226,2
0.0619,0.0369,3
-0.5288,-1.0163,3
-0.3182,-0.2534,1
-0.9881,-0.4475,3
0.2621,0.9568,3
0.8610,0.3421,2
-0.4590,-0.8020,2
-0.2450,0.0100,3
-0.7637,0.3100,2
-0.5999,-1.0590,3
0.5011,0.5091,1
-0.5070,0.7633,1
0.7785,-0.3135,1
0.7716,0.4716,2
0.2061,0.1348,3
-0.1059,-0.7321,3
-0.8283,0.4653,2
-0.6483,-0.0465,3
-0.7881,-0.5364,2
0.6060,0.5741,1
-0.5796,0.4670,2
-0.0839,0.0614,3
0.7650,0.7711,1
-0.9286,-0.9987,3
0.0812,-0.4285,1
-0.9577,-0.4177,3
-0.9194,-0.3647,1
-0.6544,0.9591,3
0.4218,-0.8828,2
0.4307,-0.3721,1
0.3520,-0.6752,2
-0.0042,0.6237,3
0.8901,0.4475,2
-0.4229,-0.8980,2
-1.0889,-0.8169,3
0.7761,-0.5685,2
0.7501,-0.3078,1
0.5929,0.5151,1
-0.5367,0.7643,1
0.6163,0.6445,1
-0.6642,0.7586,1
-0.7733,-0.4836,1
-0.6061,-0.3277,1
-0.5245,0.9157,1
-0.1104,-1.0938,3
-0.4565,-0.7584,2
-0.6690,0.6393,1
0.9653,-0.7789,3
0.0868,-0.4576,1
-0.5769,0.0979,2
-0.1745,-0.8009,2
0.6294,-0.4244,1
-0.0087,0.2224,3
-0.9093,0.5546,1
-0.0133,0.8070,3
0.1991,0.4225,2
0.5656,0.5258,1
-1.0611,-1.0405,3
-0.8018,-0.4856,1
0.9752,0.1877,3
-0.4795,-0.4812,1
0.5293,-0.0485,3
-0.8419,0.4946,2
0.2725,0.3449,2
-0.9630,0.7956,3
-0.5571,-0.0375,3
-1.0052,-0.9277,3
0.6381,0.0861,2
0.3947,0.8288,1
-0.3592,-0.6186,2
0.6358,0.9398,3
0.9039,0.2014,3
0.4657,0.9427,1
0.2609,0.7638,1
-0.5429,0.2362,2
-0.0484,0.0776,3
0.8549,-0.5191,2
-0.9709,-0.9870,3
-1.0245,0.4016,3
0.4580,-0.8875,2
0.1972,-1.0992,3
0.1750,0.2920,2
